' 527 1 536 4 537 1
's 517 1 539 1
a 501 37 502 15 503 37 504 12 505 6 506 13 507 8 508 4 509 21 510 10 511 1 512 5 513 8 514 6 515 1 516 19 517 20 518 27 519 2 521 4 522 20 523 4 524 4 526 6 527 5 528 19 529 3 530 2 531 17 532 13 533 1 534 4 535 8 536 12 537 21 538 3 539 6 540 22 541 6 542 10 543 23 544 14 545 16 547 12 548 9 549 11 550 15
ab 522 13
abbot 511 1
abdomen 548 1
abdomin 522 9
abhijith 508 1
abil 516 1 545 1
abl 502 1 503 1 516 1 537 1 548 3
abnorm 531 1
about 501 1 502 2 503 2 509 6 510 1 512 1 513 2 516 3 517 3 528 1 531 2 532 3 533 2 536 2 538 1 539 1 543 2 544 4 545 3 546 4 547 1 549 5 550 1
aboutgroom 505 1
abov 518 1 542 1
abroad 545 3
absolut 509 1
absorb 537 1
abssqueez 522 1
abstract 521 1
abus 519 1
ac 536 2 548 1
academ 545 13
acceler 538 1
accept 503 1 545 2
access 503 1 512 1 536 2 541 2 543 2 546 2
accessoffic 536 1
accessori 505 2
accid 510 1
accommod 507 1 541 1
accompani 547 1
accord 516 2 517 1 518 2 531 1 537 1 542 1 544 3 547 2 550 1
account 503 19 507 1 508 1 536 1 542 3 547 1
accountingread 503 2
accumul 540 1
accur 503 1 545 3
accuraci 503 2
achiev 545 3 548 1
acid 510 3 549 3
acidsmuck 549 1
acog 531 2
acquir 503 2
acquisit 515 1
acrobat 527 1
across 501 1 502 1 513 1 538 1 543 1 549 1
act 510 1 526 1
actingform 526 1
action 527 3 536 1
activ 504 1 506 1 509 1 516 3 517 3 537 1 545 3 547 2
actsat 541 2
actsatnew 541 1
actual 502 1 503 3 515 1 528 1 530 1
acut 548 3
ad 501 1 502 3 509 8 518 1 520 2 537 1 547 1 549 5
adag 501 1
adapt 521 1 547 1
add 501 4 502 1 505 1 511 1 517 1 518 2 537 2 543 2
addict 527 1
addit 502 1 503 2 506 1 509 6 516 1 517 1 520 1 524 1 531 2 534 1 540 1 541 1 548 1
address 503 1 513 1 520 5
adequ 540 1
adher 509 1
adjac 540 1
adject 514 1
adjust 503 3 521 1
adler 535 1
administ 540 2
administr 503 1
admiss 545 4
admit 517 1
adult 517 2 531 1 544 1 545 2
advanc 507 1 529 2 541 1 545 1
advantag 502 1 503 1 540 1 543 2
advers 544 1
advertis 511 1 537 1 539 2
advic 517 1 532 1
advis 512 1 517 1 518 1
aemon 526 1
aep 545 7
aesthet 550 1
affair 517 1
affect 504 7 506 1 509 5 518 2 538 2 547 7
affili 507 1
afford 501 1 502 1 509 1 518 1
afpgetti 517 1
africa 547 3
african 547 1
after 501 2 502 1 512 1 516 1 517 2 520 1 521 2 522 2 536 1 537 5 538 1 540 1 542 3 544 3
again 503 2 509 1 522 1 532 2 537 2
againadd 528 1
against 503 1 517 3 531 1 537 2
agatston 521 1
age 501 1 503 2 509 7 521 4 545 1
agenc 503 2 544 1 545 1
agent 501 1 513 1 547 4
agerel 521 1
ago 510 3 532 3
agpecho 530 1
agre 509 1 547 1
agreement 513 2
agricultur 517 1 547 5
ahead 517 1
aid 541 1 546 1
air 517 23 531 1 537 2 546 1 548 2
airlin 531 1 546 1
airport 507 2 546 48
airtight 501 1
airway 548 2
alabama 502 1
alberto 511 2
albrecht 511 2
alek 541 25
alexand 511 2
alexi 546 1
alga 550 1
alic 511 3
align 502 2
aliv 508 1 526 1
all 501 2 502 3 503 7 507 4 509 9 511 2 514 2 518 2 522 4 526 1 527 1 528 1 531 3 532 1 536 1 537 4 539 3 541 2 543 1 544 3 545 1 546 1 547 6 549 1 550 2
allegi 526 1
allerg 532 1
allinclus 545 1
allis 526 1
allnatur 509 13
allo 526 1
allow 509 1 518 1 531 1 537 1 540 2 541 1 545 4 547 2 548 2 549 1
allur 501 1
alma 511 2
almost 501 1 502 2 512 2 516 1 518 1
along 513 1 516 1 531 1 532 1 540 1
alphabet 503 1
alreadi 505 1 516 1 544 2
also 502 3 503 3 504 1 505 1 506 3 508 4 509 2 510 3 512 1 516 3 517 2 518 3 522 1 526 2 527 1 531 4 532 1 534 1 535 1 536 2 539 1 540 2 542 1 543 3 544 2 545 3 547 6 549 1 550 2
alter 522 1 547 2
altern 511 1 522 1 532 1 543 1 549 1
although 503 1 509 1 546 1
altogeth 503 1
alway 502 1 503 2 506 1 507 1 509 2 528 2 532 1 537 1 547 2
am 502 1 513 1 527 3 532 2 533 3 535 1 539 4
amarena 501 1
amaz 505 2 549 1
amazon 503 1 517 1 533 1 547 1
amen 507 1
america 520 3 547 1
american 509 2 514 2 516 1 531 2 545 2
amino 510 1
among 517 1 540 1 547 1
amount 501 2 503 1 506 1 512 1 514 2 516 1 518 1 533 1
amphibian 547 1
amur 547 2
an 501 8 502 1 503 11 504 4 506 7 509 6 510 2 513 1 516 1 517 3 518 4 519 1 520 1 522 5 523 1 524 2 530 1 531 1 532 4 533 2 535 1 536 6 537 4 538 1 540 6 541 3 543 10 544 1 545 4 547 1 548 3 549 2
anaerob 537 2
analys 521 1
analysi 517 1 521 1 537 1 550 1
analyst 517 1
analyz 503 1
anatomi 503 1 540 1
anchorth 549 1
and 501 24 502 13 503 65 504 4 505 11 506 17 507 20 508 7 509 39 510 12 511 1 512 3 513 5 514 5 515 11 516 28 517 28 518 22 519 2 520 11 521 11 522 24 523 6 524 5 526 10 527 8 528 11 529 2 530 4 531 18 532 13 533 1 534 15 535 9 536 5 537 33 538 4 539 20 540 31 541 12 542 12 543 14 544 22 545 38 546 23 547 44 548 18 549 15 550 19
andi 511 2
andor 503 1 531 1 550 1
andrew 511 2
android 508 2 512 2
anesthesia 540 25
anesthesiologist 540 3
anesthet 540 15
angelica 511 2
angl 522 1
anglia 517 3
ani 501 1 503 8 504 1 506 1 508 1 509 10 512 1 518 1 531 1 532 4 539 2 540 1 541 2 545 3 547 1 549 2 550 1
anim 502 1 508 1 509 9 547 8
ann 511 1
anna 511 2
anni 511 2
announc 538 1
annual 503 3 529 2
anon 502 1
anonym 502 1 510 1 528 2
anoth 502 1 504 1 506 2 522 3 524 1 531 2 532 1 535 1 538 1 543 2 549 1
answer 503 1 510 4 528 11 532 1 537 3 542 10 546 8
answerscom 542 1 546 5
anthocyanin 501 2
anti 522 2
antibiot 509 12 537 2
antica 501 1
anxieti 540 1
anyon 503 1 517 1 549 1
anyth 518 1 522 1 523 1 539 2 544 1
anyway 532 1
anywher 549 1
aortic 532 2
ap 541 3
apart 522 1
apk 512 4
apkdownload 512 1
apkyou 512 1
apollo 527 1
app 508 19 512 9 543 1
appar 521 1 549 1
appeal 518 2
appear 503 1 526 2 531 1 532 1 537 1 544 2
appl 549 11
applesauc 549 1
appli 501 1 514 1 515 2 538 1 541 1 545 3
applianc 550 1
applic 503 1 543 2
appropri 503 1 536 1 539 1 547 1
approv 503 2 509 2 530 1
approxim 512 1 518 3 542 1 547 1
appstor 512 1
apr 508 2
april 538 1
apron 526 1
aqueous 537 1
aquif 550 1
ararat 542 1
arbus 511 1
arcad 527 1
are 501 5 502 6 503 15 504 2 505 2 506 4 507 7 509 14 512 2 513 3 516 4 517 7 518 10 522 3 524 1 527 2 528 2 530 5 531 6 532 6 534 3 536 2 537 12 538 2 539 12 540 10 541 5 542 2 543 9 544 10 545 3 546 11 547 11 548 1 549 7 550 4
area 502 1 509 1 510 1 515 1 517 2 518 4 520 1 524 4 540 2 546 1 547 2
aren't 502 1 539 2
arf 548 1
arg 536 13
argsexpress 536 1
argument 536 2
argus 531 1
aris 531 1 542 1
ark 542 29
arkit 542 1
arkmor 542 1
arlington 506 2
arm 522 4 530 1 540 7
armenia 549 1
armpit 540 1
arnold 517 1
around 502 1 517 1 518 3 522 6 537 1 545 1 548 2 550 1
arp 511 1
arrang 507 1
arriv 509 2
art 511 1
arteri 521 3 532 2 537 1
arteriescan 532 1
arthroscop 532 1
articl 502 1 503 4 516 1 530 1 531 1 544 2 550 1
articlebabi 511 1
articleirontoenail 502 1
articul 520 2
artifici 509 3
artist 511 4 528 1
as 501 4 502 1 503 9 506 3 508 2 509 7 510 3 512 1 513 6 516 3 517 7 518 8 519 2 520 2 521 2 522 3 524 1 526 3 527 2 528 1 531 1 534 6 535 1 536 7 537 10 539 3 541 1 542 1 543 6 544 8 545 5 547 8 548 1 549 3 550 2
ascari 504 1
asia 547 2
asian 547 3
asid 501 1 503 1
ask 509 1 518 1 520 2 537 1 541 1 544 1
asphalt 518 1
assess 521 1 541 5 545 1
asset 503 2
assign 520 1
assist 503 1 507 1 518 1 542 1 548 2
assistcontrol 548 1
associ 520 1 521 4 540 1 548 1
assort 503 1
assum 532 1 549 1
assur 513 1 544 2
asthma 517 4
at 501 2 502 3 503 8 505 2 506 1 507 1 509 5 513 3 514 1 515 2 517 2 518 3 520 1 522 7 523 1 524 1 526 2 527 3 528 1 529 1 531 4 532 1 534 1 537 1 538 1 539 3 540 4 541 2 542 3 544 6 545 5 547 3 549 3 550 2
atari 527 2
athlet 532 1 537 1
atleast 539 1
atmospher 547 7 548 1
attack 517 1 537 1
attempt 541 2 547 1
attend 545 3
attent 517 2
attic 518 1
attir 505 6
attorney 510 1
attract 518 2
attribut 542 2
attun 503 1
audit 503 1 509 1
audubon 511 1
aug 527 1
august 511 3 527 1 543 1
augusta 511 1
australia 545 15
australian 545 1
author 513 1 516 1 517 1 523 1 531 3 536 1 542 1
authorit 536 1
authorizationwhat 523 1
autoimmunerel 506 1
automat 548 1
avail 503 1 512 2 514 1 527 1 531 1 536 1 540 1 541 1 544 1 545 1 549 1
avantgard 511 1
averag 502 1 503 1 515 1 520 3 524 4 529 1 537 1 544 1
aviat 501 2
avito 512 1
avium 501 1
avoid 503 5 517 3 518 1
avolit 530 1
award 527 6
away 501 1 527 1 531 1 544 1 546 1 549 1
awesom 505 1
axe 539 4
axillari 540 5
axiom 539 1
b 510 2 529 7 534 1 542 3 546 1
ba 542 1
babi 511 7 531 3 534 7
baccalaur 541 1
bach 516 1
bachelor 516 1 531 1
back 509 11 513 1 516 2 522 9 526 1 529 1 532 1 547 2
background 521 1 526 1
backpack 514 1
backup 539 2
backward 528 1
bacon 511 1
bacteria 537 4
bad 550 1
bagley 511 1
bailey 511 1
baker 501 1
balanc 501 1 503 7 504 1 515 1 527 1
balian 526 1
ball 501 1 502 3 522 1
ballerina 535 1
balsam 549 3
bamboo 502 1
banana 547 2
bandag 540 1
bank 503 1
bankin 503 1
bannen 526 1
bapril 529 4
bar 506 1
barbara 511 2
barbel 522 1
barn 505 1
barrier 543 1
barrow 526 1
bartend 501 1
base 503 2 506 1 518 1 522 3 540 1 549 1
basebal 509 2
basi 509 2 540 1 550 1
basic 503 1 515 3 536 1
basquiat 511 1
batch 501 4 549 1
bate 517 1
bathroom 537 1 550 1
bathtub 550 1
battl 526 1
baug 529 4
bbc 517 4 544 1
bdc 543 4
bdec 529 4
be 501 2 502 6 503 9 506 4 508 5 509 9 510 1 513 2 515 1 516 2 517 5 518 6 521 1 522 4 523 1 524 2 528 6 530 3 531 3 532 4 534 1 535 2 536 2 537 5 538 1 540 7 541 2 542 1 543 5 544 7 545 3 546 2 547 11 548 5 549 3 550 6
beach 505 11
bead 515 1
beauti 535 3 545 2 547 1
beaux 511 1
becam 501 1 503 1
becaus 502 1 503 1 518 1 530 1 531 1 537 3 539 1 540 1 544 2 547 3 550 3
beckmann 511 1
becom 517 1 520 1 540 1 543 1 545 2 547 1
bedrock 550 1
bedroom 524 1
beef 509 50
beefi 509 1
beefmast 509 1
been 501 2 502 3 503 1 509 4 512 1 516 2 517 2 521 1 522 3 523 1 528 2 531 1 532 2 534 2 537 3 538 2 542 3 544 6 547 4 548 1
befor 501 1 502 1 503 3 509 1 516 1 517 1 518 1 522 3 528 1 531 1 534 1 537 3 539 2 541 1 542 1 544 1 549 1
began 542 1
begin 501 1 503 1 520 1 537 2
begun 542 1
behavior 543 1
behind 517 1 522 2 532 6 537 1 547 1
believ 502 2 509 1 519 1 522 1 547 2
belli 522 1
belong 524 2
below 503 1 505 1 506 1 508 2 512 1 522 2 524 1 532 1 541 1 544 1 550 1
belowimag 518 1
beneath 528 1
benefici 540 2
benefit 501 1 503 1 516 6 537 1 540 1 544 4
benign 506 1
benjen 526 1
berenic 511 2
bernini 511 1
berri 501 1
besid 532 1
best 502 1 503 1 509 3 510 1 512 1 522 5 527 4 531 1 537 2 539 2 543 1 549 3 550 2
bet 537 1 549 1
bethesda 527 1
better 502 2 503 2 509 1 513 1 516 1 537 2 539 2 544 3 549 1 550 1
between 503 1 504 1 516 1 521 1 531 1 539 1 541 1 547 1 549 2
beyond 509 1 531 1 545 2
bfeb 529 4
bibl 535 1 542 7
bibleyear 542 1
biblic 534 1 542 1
bicarbon 510 1
bifurc 521 1
big 501 1 512 1 514 2 527 2 537 1 543 1 549 1 550 2
bigger 532 1
biggest 509 1 517 1 537 1 547 1
biggger 532 1
bile 510 4
bilesac 510 1
bill 503 6 507 1 530 1
billion 538 1
bing 501 1
bio 504 1
biodivers 547 4
biom 547 1
biotic 504 12
bird 547 1
birth 511 1
bit 502 1 516 1 518 1 539 1
bite 509 1
bjan 529 5
bjuli 529 4
bjune 529 4
black 526 5 539 5 549 1
bladder 510 2
blair 546 6
blak 539 1
blake 511 1
bleep 523 1
blend 515 1
blew 501 1
blind 521 1
block 540 16
blockag 532 1 537 1
blog 501 1 543 1 549 1
blonskaya 511 1
blood 501 1 506 1 516 4 531 3 537 13 540 3
bloodstream 537 1
bloom 550 1
blow 501 1 517 1
blown 517 1
bls 507 6
blue 505 1 546 1
blurb 502 1
bmarch 529 4
bmay 529 4
bmj 544 1
bnov 529 4
board 531 1
boat 517 1 531 1
boccioni 511 1
boct 529 4
bodi 506 2 510 1 516 2 522 4 528 1 531 1 532 1 537 11 540 1
boil 549 1
bolt 514 1 539 3
bone 509 1 532 2 540 2
bonheur 511 1
bonn 549 3
bonus 514 1
book 503 2 516 1 526 1 531 1 536 1 542 1
booksrefer 526 1
booksstrong 514 1
boost 516 2 520 1
boot 512 1
borba 526 1
borca 526 1
born 509 2 534 2
bosch 511 1
both 503 1 506 1 509 2 521 2 522 1 531 1 532 1 537 1 546 3 548 3 549 3 550 1
bottl 501 1 544 1
bottom 503 1 518 1
bought 523 1
boundari 540 1
bourbon 501 14
bourbonsoak 501 1
boutonnier 505 1
bovin 509 1
bow 505 1
bowen 526 1
bowl 550 1
box 503 1 536 2
boy 511 2 527 1 534 6
boycott 517 1
braid 527 1
brain 510 1 521 1 544 1
branc 530 1
branch 530 24
brand 509 2 536 1 549 2
braqu 511 1
bravo 511 1
brazil 547 1
breach 526 1 530 1 531 1
bread 501 1
break 526 1 545 1
breaker 526 3
breakthrough 537 1
breath 506 1 537 4 548 4
breez 505 1
bride 505 1
bridesmaid 505 1
brief 540 1 544 1
bright 505 3
brilliant 505 1
bring 517 1 522 2 527 1
britain 544 1
british 517 1 544 1 547 2
broadcast 544 1
broke 543 1
brook 501 3
brought 512 1
brow 532 1
brown 539 1 550 1
brownscomb 511 1
browser 512 1
brueghel 511 1
brush 502 4 515 1 541 1
brynden 526 1
bsept 529 4
bt 545 5
budget 503 5 507 1 530 1
buffalo 501 1
buffer 510 1
bug 512 1
build 512 1 513 1 517 1 518 3 522 2 530 2 532 3 542 2 547 3
builder 526 2
buildup 532 1 550 4
built 514 1 518 1 543 2
builtin 513 1
bulki 514 1
bulwer 526 1
bump 532 3
buna 539 15
bundl 501 1
bureau 529 1
burn 516 2 522 1 532 1
bus 529 1
buse 507 2
busi 503 16 507 4 517 1 527 1 537 1 538 1 543 6 545 6
busiest 546 1
but 502 2 503 2 504 2 508 2 509 5 516 1 517 5 518 3 522 5 523 1 527 1 532 2 533 1 537 1 539 2 542 2 543 1 544 4 546 2 547 5 549 8 550 5
butcher 526 1
butt 522 2
butter 549 10
butterflyshap 506 1
button 515 1
buy 501 1 502 3 523 1
by 501 1 502 2 503 8 506 8 508 3 509 8 510 3 511 2 514 4 516 2 517 2 518 2 520 1 521 4 522 1 524 2 527 1 528 11 530 1 531 5 532 4 534 1 536 7 537 5 538 1 539 3 540 6 541 1 542 1 543 2 544 4 545 2 546 2 547 7 548 4 549 2 550 4
c 510 3
cabin 531 1
cabot 511 1
cake 505 1
calam 509 1
calcif 521 8
calcifi 521 1
calcium 521 1 532 38 549 1 550 1
calciumdeposit 532 1
calcul 503 1 515 1 518 7 541 3
calder 511 1
california 501 1 539 1
californiasumm 545 1
call 502 1 509 2 510 1 517 1 518 1 520 6 531 2 532 1 533 1 540 1 544 1 547 3
callahan 536 4
calm 505 1 526 1 528 1
calor 537 1
calori 516 4 549 2
cam 512 1
came 542 1 548 1
cameron 511 2 517 1
camill 511 2
camp 545 7
campaign 517 1
campus 541 4
can 501 1 502 4 503 7 504 5 505 2 506 3 508 4 509 5 513 1 515 1 516 4 517 1 518 5 522 6 524 1 528 1 530 1 531 7 532 7 534 1 536 4 537 3 539 4 540 6 541 4 542 2 543 11 545 8 546 1 547 10 548 4 549 1 550 7
can't 533 1
canada 545 20 549 1
cancel 536 3
cancer 506 6 516 1 537 1 544 1
candi 501 1
candida 537 1
cane 549 3
canning 501 1
cannot 506 1 521 1
cant 503 1 550 1
capabl 502 1 513 1 543 1
capac 520 1
capillari 537 1
capita 524 3
captur 501 1
car 507 2 517 2 546 1
caramel 501 1
carbon 537 1 547 2
card 502 14 503 2 508 1
carder 502 1
care 503 2 509 4 517 1 550 1
career 509 1
careerspecif 545 2
carl 518 1
carol 517 1
carotid 521 8 532 1
carpal 540 2
carpano 501 1
carpent 518 2
carri 514 1 517 1 518 1 530 1 531 1
cartwheel 512 1
case 501 1 527 1 531 1 544 1
cash 503 20
casper 526 1
cassatt 511 1
castl 526 5
casual 545 1
cat 532 1
catalog 502 1
categori 508 3 512 1 526 1 529 1 534 1 542 1 546 1
cater 507 1
catlett 511 1
catlin 511 1
cattl 509 21
cattlemen 509 2
cattybratti 528 1
caus 503 1 504 3 506 2 509 1 510 1 517 2 528 1 532 6 537 5 544 2 547 4 550 1
caustic 539 1
ccbysa 514 1
cck 510 1
ccnp 513 3
cdc 531 1 544 5
cdcapprov 544 1
cecilia 511 2
cell 510 3 537 8
census 524 1 529 1
cent 537 1
center 501 1 518 1 531 2 540 1 546 1 547 1
centerpiec 505 1
centr 517 1 544 2
central 517 1 539 1 546 4
centuri 534 1 547 1
ceo 538 1
ceremoni 527 1
certain 504 1 507 1 512 1 516 1 518 1 540 2 547 2 550 2
certif 513 2 518 1 545 1
certifi 509 3
cervic 521 1
cetc 503 1
ch 542 1
chagal 511 1
chaim 511 2
chain 526 3 532 2
challeng 517 1 522 1 527 1 541 1
challenginggam 527 1
chanc 532 1 538 1 544 1
chang 503 2 516 1 517 1 521 3 547 1 550 2
charact 508 1 535 1 542 1
character 506 3
charg 503 1 515 1 518 1 520 1 537 1
charm 527 1
chart 529 3 541 2
chartd 529 1
chat 508 2
chauffeur 507 2
chealat 532 1
cheaper 539 1
cheapest 546 1
check 503 11 508 3 514 1 518 1 527 2 533 1 550 2
checkbook 503 1
checklist 503 4
checkout 523 1
cheeri 505 1
cheesecak 549 1
chelat 532 2
chemic 509 1 519 3 537 1 544 2
chemistri 537 2 541 3
chemotherapi 544 3
cherri 501 30 549 2
cherriesa 501 1
cherrifi 501 1
cherryinfus 501 3
cherryoncherri 501 1
chest 522 1 526 1 548 2
chicago 546 4
chief 517 1
chiefli 534 1
children 512 1 517 1 526 1 537 1 544 1
chimney 518 5
chimp 547 2
chimpanze 547 1
china 533 2
chinatown 546 1
chlorid 537 1 549 1
chlorin 550 1
chlorit 537 1
chocol 537 1 547 2
choic 527 3 549 1
chole 510 1
cholecystokinin 510 4
cholesterol 501 1 516 2 537 1
choos 502 1 543 1 544 1
chop 547 1
chosen 524 1 540 1
chris 522 1
chrissss 542 1
christian 535 1 542 1
christma 534 4
christo 511 1
chrome 508 2
chronic 537 1 548 1
chunk 502 2 549 1
church 511 1
cindi 511 2
cio 537 1
circuit 522 1
cisco 513 5
cite 512 1 531 1
citi 507 2 531 2 537 1 545 4 546 10 550 2
citric 549 4
citrus 549 1
cityunivers 545 1
claim 519 1 523 1 537 1
class 543 2 545 1
classi 505 1
classic 501 2 522 1
classroom 545 2
claud 511 2
claudel 511 1
claus 520 1
clean 550 4
cleanup 515 1
clear 517 2 537 1 544 1 547 5 550 1
click 503 2 508 1 512 1 515 1 518 1 537 3 541 1
client 503 1 507 3 517 1 536 4
clientel 507 1
climat 547 3
climb 526 2
clinic 506 2 540 1 544 2
cliniccom 516 2
clip 527 3
close 502 1 509 1 531 1 538 2 543 1 546 1
closedloop 509 1
closeloop 509 1
closer 518 1 546 1
closest 546 19
closur 538 1
clot 531 3
cloth 505 1
cloud 517 1
cloven 509 1
club 527 1
clump 502 1
clyda 526 1
cmd 536 5
cnnmoney 538 1
coach 516 1
coars 502 1
coat 502 1 515 1
cochran 544 2
cocktail 501 9
code 515 4 536 2 546 1
coffe 547 2
colin 530 1
colleagu 548 1
collect 503 2 543 1
colleg 514 1 531 2 541 2 545 8
color 501 2 505 2 511 1 515 1 550 4
colour 549 1
column 503 1 543 4
coma 548 1
comb 502 2
combin 506 1 517 2 537 1 549 2
combust 537 1
come 501 2 503 3 508 2 509 7 518 1 522 1 526 1 527 1 531 1 533 1 537 1 539 2 549 4 550 2
comfort 503 1 507 1 509 1 540 1
command 526 4
commenc 520 1
comment 502 1 508 1 510 2 511 1 513 1 528 9 543 1 547 1 550 1
commentadd 528 1
commentc 510 1
commerci 520 1 547 1
commiss 517 1 544 1
commit 507 1 509 2
commod 509 1
common 503 1 506 6 509 2 518 1 521 1 531 2 534 1 540 7
communic 545 11
communiti 504 1 524 1
commut 524 2
compani 502 1 503 6 507 2 509 4 514 3 520 10 523 1 538 3 549 1 550 1
companion 531 1
compar 503 4 514 1 518 2 524 1 529 1 537 1
comparison 524 3 549 1
compet 504 1 545 1
competit 504 1 507 1 545 2
complain 532 1
complaintcommentreview 520 1
complet 501 1 503 1 507 1 518 1 528 1 537 2 541 1 545 3
complex 540 1 549 1
compli 503 1 509 1
complianc 509 1
complic 502 1 531 6 537 1 544 1
compon 518 1
compos 537 1
composit 537 1
compound 515 1
comprehend 507 1
compromis 520 1
comput 503 1 510 1
concentr 506 1 517 1 549 11 550 1
concept 536 1 543 1
concern 509 3 528 3 530 1 544 1 550 2
conclus 521 1
condit 506 1 510 1 515 2 517 4 531 4 540 1 544 1 545 3 548 1
conduct 532 1 544 1
confid 542 1 545 4 546 1
confus 502 1 509 1 513 1 539 1
connect 513 2 540 1 543 7 550 1
conscious 548 1
consecut 548 1
conserv 547 3
consid 503 1 517 1 531 1 537 1 543 1 547 1
consider 514 2
consist 509 2 530 1
constip 531 1
constitut 530 2
construct 518 2
consult 503 1 531 1
consum 509 5 512 1 537 1 549 1
consumpt 548 1
contact 506 1 509 1 517 1 520 21 525 1 550 1
contagi 509 1
contain 501 2 503 1 509 2 510 1 518 1 536 2 547 1 549 4
contamin 509 1 537 1 550 6
contemporari 540 1
content 510 1 512 1 526 1 531 2 543 22
contest 547 2
context 534 1
contin 517 1 547 2 549 1
continu 509 1 516 1 517 3 522 1 528 1 547 1 548 1
continuousform 536 1
contract 530 1
contractor 503 4 518 6
contradict 542 1
contrast 532 1
contribut 517 1 530 6 533 5 535 7 542 9 546 8 547 1
contributor 536 2
control 502 1 503 1 509 2 510 1 516 1 517 1 521 1 531 2 536 3 537 1 543 1 548 4
controversi 547 1
conveni 506 1
convers 508 1 545 1 546 4
conversationcontactgroup 508 1
cook 509 3 526 1 537 1 549 3
cool 505 4 509 1
cooler 509 2
cooper 526 1
copd 548 4
copi 503 3 537 1
copley 511 1
copyright 514 2
cord 531 2 540 1
core 522 4
corleon 516 2
corner 515 1
coronari 521 2
corpor 507 3 545 1
corpuscl 537 1
corrado 548 1
correct 503 5 528 1
correl 521 2
correspond 517 1 536 1
cosford 517 1
cost 503 2 515 7 518 25 550 1
costco 503 1
cotter 526 2
cotton 502 35
cough 506 1 517 2
could 501 1 502 1 509 1 517 4 527 1 528 3 531 1 532 1 537 1 545 1 549 2
couldnt 547 1
council 516 1
count 502 1 541 1 549 1
counti 524 6 531 1 550 1
countri 501 1 509 3 530 2 545 1 546 1 547 3
countryoforigin 509 1
coupl 501 2 507 1 539 2 544 1
cour 518 1
cours 503 1 516 1 541 5 545 9
coursework 545 1
court 530 1
courteous 507 2
covari 521 2
cover 517 1 518 1 531 1 533 1 541 1
coverag 503 1 527 1
cow 509 3
crafter 502 1
craig 522 1
craster 526 1
cream 530 1
creat 501 1 503 2 509 1 513 1 516 1 543 9 547 1
creation 511 1
creatur 526 1 547 2
credit 503 2 516 1 541 3
creditspregn 531 1
crew 517 1
crinkl 502 1
criteria 509 1
critic 503 1 509 1 538 1
crofter 549 1
crop 547 2
crud 543 1
crunch 522 1
crush 549 1
crypt 510 1
ct 506 1 521 1 539 1
cts 521 1
cubit 542 1
cuirass 548 1
cultiv 501 1 547 1
cultur 545 4
cunningham 511 1
curb 518 2 547 3
cure 516 1
currant 549 1
current 501 1 503 5 509 1 526 1 529 1 541 3 543 1
curriculum 545 1
cussandruh 535 1
custom 503 6 508 1 509 2 515 1 536 1 539 1
customiz 503 3
cut 509 1 515 1 516 1 547 4
cy 511 2
cycl 547 3 548 2
cysto 510 1
czann 511 1
d 510 2 516 1 526 1 533 1 537 1 549 1
da 511 1
daili 503 2 509 1 516 2 549 1 550 1
dalay 533 1
dalla 506 2
dalstuart 511 1
damag 518 1
dan 542 1
danger 518 1 544 1
danguanaedit 535 1
dapper 505 1
dareon 526 1
dark 505 1
data 513 1 524 3 529 4 543 18 544 5
databas 543 2
date 503 8 529 1 539 5
datejun 503 1
dateon 531 1
davi 511 1 531 3
david 511 4 513 1 517 1 533 1 544 1
day 501 2 502 1 503 3 507 5 508 1 509 9 516 2 517 1 524 1 527 1 532 1 537 2 542 13 544 2 545 3
daytim 524 3
dc 507 1 546 1
dcwhat 546 1
de 511 3 546 1
dead 527 1 530 1
deadlin 503 2
deal 517 1 527 1 537 1 539 2
death 504 1 517 1 530 1 532 1 544 2
debri 502 1
debt 538 1
decad 510 1 517 1
decemb 503 1 520 1
decept 522 1 544 1
deceptionbi 544 1
decid 501 1 503 1 509 2 512 1 542 1 544 1 547 1
deciph 503 1
decis 503 1 516 1 540 1
decod 550 1
decreas 547 1 548 1
dedic 507 1 509 1
deduct 503 3
deem 530 1
deep 526 1 528 1 531 1
defici 537 4
deficit 516 1
defin 537 1 543 1
definit 509 2 543 1 544 1 546 4 547 1
defoli 547 2
deforest 547 45
defra 517 6
dega 511 1
degre 502 1 509 1 521 1 522 1 531 1
deioniz 537 1
delaunay 511 2
delay 513 2
delect 520 2
delet 543 1
delici 509 3
delight 501 1
deliv 507 1 531 1 537 3 548 2
deliveri 516 1 531 3
delta 533 1
demand 507 1
demo 527 1
demograph 524 1
demonstr 512 1 522 1 536 1
deni 526 1
densiti 502 1 524 3
depart 517 1 530 3
depend 502 1 503 1 507 1 515 1 516 1 519 3 537 2 540 1 550 1
deplet 537 1
deploy 543 5
deposit 503 2 528 1 532 30
depress 506 1 532 1
depth 528 1 543 1
deriv 534 2 535 2 537 1
describ 542 1 548 1
descript 502 1 513 1 524 1 530 1 543 1
desert 517 1
deserv 530 1
design 506 1 518 2 527 1 537 1 539 2 543 2 545 4
desir 507 1 536 1
despit 521 1
dessert 501 1 549 2
destin 513 1 546 1
destroy 537 1 544 1 547 6
destruct 537 1 547 6
detail 503 1 506 1 507 1 515 1 519 1 537 1 543 1
determin 503 4 506 1 517 1 530 1 536 1 540 1 548 1
detoxif 537 2
dev 527 1 536 1
devast 504 1
develop 509 1 520 1 527 3 537 1 543 1 545 4 547 3 548 1
devic 513 2
devon 517 1
dhcp 513 1
diabet 510 2 516 2 531 1 532 1 537 1
diagnos 506 3
diagnost 506 1
dialog 536 1
dian 501 1 511 2
diaphragmat 548 1
diarrhea 544 3
dick 542 2
dictionari 514 3
dictionarycom 544 1
did 509 2 523 2 528 1 542 9 544 1
didn't 538 1 539 2
didnt 512 1 513 1 549 1
die 504 1 539 2
diego 511 2
diet 516 13
dietitian 516 1
dietsth 547 1
differ 502 1 503 2 524 1 535 1 539 4 542 3 543 1 547 3 549 5 550 1
differenti 549 1
difficult 522 2 550 1
difficulti 506 2 512 1
digest 504 1 510 5 537 3
digit 540 7
dilemma 547 1
diltz 537 1
dim 536 1
dine 511 1
dinner 549 2
dioxid 517 3 547 2 549 1
direct 502 1 522 3 532 1 534 1 537 1 540 2 545 1
direwolf 526 1
dirti 517 2 550 1
disabl 503 1 541 1
disadvantag 540 1
disburs 503 1
disclaim 503 1
discomfort 517 1 531 1 540 2
discount 503 1
discov 503 1 510 1 513 1
discuss 502 1 511 1 520 1 532 1 540 1 548 1
diseas 504 1 506 11 509 10 510 1 516 1 517 6 521 1 531 2 537 4 544 1
diseaseproduc 544 1
disgaea 527 1
disgrac 517 1
dishwash 550 1
disodium 532 2
disord 537 2
display 536 1 543 3
dissolv 537 1 550 2
distal 540 1
distanc 546 1
distillerywith 501 1
distort 540 1
distress 531 1
district 546 1
divers 507 2 524 5
divid 502 1 524 1
divis 520 3
dix 511 1
dns 508 1 513 1
do 502 1 503 5 506 1 508 2 509 16 513 1 517 4 518 2 520 1 521 1 522 11 532 5 536 5 537 3 539 2 541 9 546 1 547 1 549 2 550 1
doc 537 1
dockland 546 1
doctor 506 2 531 1 532 4 540 1 544 3
doctororg 516 1
document 503 1
doe 502 2 503 1 509 11 516 1 528 1 530 1 532 1 534 1 535 8 541 2 542 1 544 1 547 1
doesn't 523 1 528 1 546 1
doesnt 509 1 522 2 549 1 550 2
dollar 544 1
domain 508 1
domest 546 3
domin 537 1
domini 534 1
don 532 1
don't 502 1 517 1 528 1
donald 535 1
done 508 1 509 1 532 2
donnel 526 1
dont 501 1 503 2 508 1 509 2 522 3 528 1 544 1 547 3 549 3
door 514 1 518 1 543 1
dorito 527 1
dormer 518 5
dorothea 511 2
dorsal 540 1
doubl 509 2 549 1
dove 542 1
down 503 4 506 1 522 1 528 2 529 1 532 1 537 1 538 1 547 3 549 3
download 503 2 508 2 512 4 527 1
downtown 546 10
downward 538 1
dr 517 1 532 1 537 6 544 1
draft 530 1
dragon 527 1
dramat 518 2
drank 544 1
draw 517 1
drawer 508 1
drawn 548 1
dreami 505 1
drer 511 1
dri 542 2 550 1
drier 547 4
drink 550 4
drive 507 1 531 1 546 2
driven 536 1
drop 503 1
drudgeri 503 1
drug 510 1 544 5
drum 502 1
drywal 515 8
ds 527 1
dubuffet 511 1
duchamp 511 1
duchessgrac 535 1
duck 527 1
due 503 8 517 1 527 2 531 1 532 2 538 1 540 1 547 3
dumbbel 522 1
duoden 510 1
duodenum 510 3
duparc 511 1
durat 540 1
dure 502 1 503 4 509 1 510 1 524 1 526 1 531 4 534 1 540 1 544 1 548 5 550 1
dust 517 8 539 2
dye 502 1
dynasti 527 1
e 526 1 527 1 549 1
ea 515 2
each 503 4 509 2 518 1 519 1 521 1 530 1 537 1 540 1
eakin 511 2
eap 545 4
ear 506 2 532 16
earli 503 1
earlier 503 1 532 1
earmark 503 1
earn 503 3 545 1
earth 517 2
easi 503 1 507 1 516 2 518 1 524 1
easier 502 1 503 3 522 1
easiest 537 1 546 1
easili 546 2 547 1 550 1
east 517 4
eastern 546 1
eastwatchbythesea 526 1
eat 501 1 509 1 516 6 537 2 544 1
eaten 537 1
eatyourspinach 503 1
ebb 534 1
echiel 526 1
echo 513 6
ecolog 504 1
economi 520 1
economist 501 1
ecosystem 504 2 547 3
eddison 526 2
eden 549 1
edet 532 1
edg 518 1
edgar 511 2
edit 514 2 516 1 527 1 535 8 539 2
editor 514 1
edta 532 1
educ 510 1 530 3 545 4
eduyot 542 1
edvard 511 2
edward 511 2
effect 510 1 516 1 521 2 522 2 539 1 544 7 547 2
effectivess 544 1
effectsthos 517 1
effici 537 1 545 3 550 1
effort 538 1 547 1 548 4
efil 503 1
eglc 546 1
eh 534 3
ei 548 1
eight 516 1
either 501 1 502 1 518 2 548 3 549 1
el 534 1 545 12
elain 511 2
elast 548 1
elder 517 2 537 1
electr 520 30
electron 507 1 535 1 537 1
eleg 507 2 535 2
element 534 1 539 1
eleph 547 4
elev 532 1
elig 545 1
elimin 509 1
elizabeth 511 3
ellsworth 511 1
elmer 501 2
els 503 1 518 1 539 2
email 503 1 509 1 513 1 516 1 520 4 523 1 549 1
embol 531 1
emerg 531 1
emiss 517 3 547 1
emit 531 1
emoji 508 1
emphas 545 1
empir 539 2
employ 503 1 520 2
employe 503 4 520 1 536 10 538 1
empti 503 1 540 1
enabl 522 1 537 1
enact 530 1 531 1
end 502 1 503 2 513 2 527 1 536 5 537 2 540 1 542 1 549 1
endang 547 6
endexpiratori 548 1
endtoend 513 3
endur 516 1
enemi 547 1
energet 545 1
energi 516 7 520 1 537 4 550 1
enforc 547 2 550 1
england 517 6 518 2 546 1
english 514 2 531 1 534 6 535 2 545 80
enhanc 501 1 543 2 545 1 549 1
enix 527 1
enjoy 509 1 512 1 520 1 545 2 550 1
enlarg 506 1
enlight 523 1
enorm 512 1
enough 503 2 537 1 544 1
enrol 541 2
ensur 502 3 503 1 509 8 548 2
ent 506 3 532 1
enter 509 2 515 2 517 3 536 1 537 1 540 3 542 1 550 1
entir 504 1 522 2 524 1 531 1 540 2 548 1
entiti 543 5
entri 503 1 505 1 545 1
environ 504 1 509 1 517 2 520 1 537 1 545 2 547 1
environment 517 2 547 1
enzym 510 1
epa 550 3
epidem 548 2
episod 517 3
equal 501 1
equidist 546 1
equip 502 1 507 1 515 1 516 1
equival 524 1 530 1 541 1
erik 526 1
ernst 511 1
erod 547 1
eros 547 1
errnamenotresolv 508 1
error 503 2 508 4
escan 526 1
eservic 512 3
especi 503 1 516 1 517 1 531 1
essenc 537 1
essenti 503 1 504 1 545 2 547 1 550 1
establish 503 1 530 1 544 1
estat 518 1
estim 503 4 515 2 518 14 542 1
et 538 1
etc 501 1 503 2 508 1 535 1
etcsecur 543 1
ethnic 524 2
ethyl 544 2
eu 517 1
eulabe 511 2
europ 509 1 533 2
european 517 2 521 1 544 1
eva 511 2
evalu 503 2 506 1 540 1 544 1
evelyn 511 2
even 507 1 509 1 512 2 513 3 517 1 522 1 523 1 524 1 528 1 544 1 545 1 550 4
event 517 1 536 2
eventu 503 1 544 1
ever 501 1 522 1 527 2 535 1 537 2 549 1
everi 501 1 503 2 507 2 509 4 512 2 518 1 531 1 537 1
everybodi 537 1
everyday 545 3
everyon 512 1 537 1 549 1
everyth 539 2 549 1
evid 510 1 521 1
evidenc 537 1
ewald 503 1
ewwwwwww 528 1
exacerb 528 1 548 3
exact 518 2 542 1
exam 513 1 541 2 545 3
exampl 503 1 504 8 505 1 518 1 536 5 537 1 547 1
exampleif 536 1
examplesa 504 2
exampleto 503 1
exceed 509 1
excel 503 4 512 1 513 1 520 3 522 1 545 1
except 539 3 544 2
excess 517 1 528 1 532 1 537 1
exchang 548 3
excis 532 1
excit 545 2
exclam 536 1
execut 507 2 517 1 530 4 543 1 545 4
exercis 516 21 517 1 522 27 537 1 545 1
exercisetak 522 1
exert 517 2
exhal 548 1
exist 512 1 517 1
exit 540 1
expect 503 4 509 1 540 1 545 1 550 1
expel 547 1
expens 502 1 503 1 518 4 539 1 540 1
experi 501 1 506 1 507 1 509 1 510 1 517 2 527 1 540 1 543 3 545 4
experienc 517 1 545 1
expert 506 2 509 1 517 1 550 1
expir 548 1
expiratori 548 1
explain 517 1 518 1 544 1
explor 543 1 545 9
export 529 2
express 520 1 536 4
extend 503 1 520 1
extens 540 1
extent 540 1 547 1
extern 543 26 548 1
extinct 547 2
extra 501 1 502 1 509 1 517 1 518 2 522 1 537 3 549 1
extract 544 1
extrafin 502 1
extrem 502 2 506 1 540 6 550 1
ey 534 1
eye 517 1 522 1 532 6 539 1
eyecatchi 505 1
f 509 2
fabric 502 2
face 547 1
facebook 508 1 520 1 549 1
facil 509 2 531 2
facilit 543 2
fact 512 1 513 1 518 1 522 1 537 3 546 4 547 12 550 1
factor 504 13 540 2
factori 502 1
fail 517 2
failur 517 2 537 1
fair 514 1 516 1 533 1 534 1 549 1
fall 528 2
fallout 527 2
famil 524 1
famili 509 3 516 1 519 1 524 3 540 1 542 3 550 1
familyown 507 1
fantast 505 1
far 503 1 509 1 513 2 517 1 538 1 546 1
farm 509 1 543 6 547 5
farmer 501 1
farmland 547 1
fast 516 2 522 1 547 1
fasten 515 1
fat 510 1 516 2 522 2
fatal 531 1
fatburn 516 1
father 527 1
fatigu 506 1 516 1 537 1
faucet 550 2
favor 503 1 505 1 515 1 535 2 542 1
favorit 501 3
favoritesdec 527 1
favour 535 2
fda 509 1 549 1
featur 501 2 511 1 512 1 513 2 516 1 543 1
feb 527 3 529 1 532 1
februari 505 1 517 1 527 1 544 1
fed 509 3
feder 503 1
fee 503 1 514 1
feed 509 2 513 1 537 1
feedback 539 4
feedyard 509 2
feel 506 1 516 3 517 1 544 2
feet 518 4 522 3 542 1
fell 549 1
femal 534 1
feminin 535 1
fertilis 517 1
festiv 527 2
fetal 531 1
fetus 531 3 544 1
few 501 3 516 1 522 1 527 1 528 1 531 1 532 2 537 1 544 1 549 1
fewer 516 1 547 1
fiber 502 6
fiberglass 518 1
field 543 1
fifa 527 1
fifth 501 1 514 2
figur 502 2 503 1 546 4
fiji 533 2
file 503 8 513 1
fill 501 2 503 1 540 1
filler 509 2
fillingdur 501 1
filter 545 1 550 6
filtrat 550 5
final 515 1 542 1
finalist 527 1
financ 503 1 538 1
financi 503 6
find 501 1 503 1 506 1 508 3 512 1 517 3 518 1 520 1 522 1 527 2 536 3 541 1 542 1 543 1 545 1 549 2 550 1
findbusinessaddresscom 520 1
fine 502 1 509 2 514 1
fineadd 528 1
finer 502 1
finetooth 502 1
finger 526 1 540 6
finish 501 1 502 1 508 1 518 2 522 1
finn 526 2
fire 526 2
fireplac 518 1
firm 520 1
first 502 1 503 2 508 1 510 2 520 3 522 1 526 5 528 1 536 1 540 1 541 1 544 1 547 1 549 3
fiscal 503 2
fist 542 1
fit 516 2 539 2 550 1
fitment 539 1
five 517 3 527 1 532 1 544 1
fiveday 517 1
fix 508 4 512 1
fl 524 2
flag 542 1 546 1
flash 518 3
flat 518 1 522 3 528 1
flavor 501 9 509 2 549 1
fleet 507 2
flex 522 1
flexibl 516 1 543 1
fli 531 3 533 2 546 2
flight 507 1 546 5
flood 517 1 542 4 547 3
floor 522 1
florida 524 2 545 1
flow 503 4 537 1 548 1
flower 505 1 526 1
flu 544 20
flue 518 2
fluid 532 2 537 1 540 2
flukey 533 1
flulik 544 1
flush 528 1
flybe 546 1
fmd 509 3
focus 536 2 545 4
folder 503 1
folk 544 1
follo 542 1
follow 502 2 503 1 508 2 509 2 513 1 516 1 517 1 518 1 531 1 536 2 537 1 540 2 541 1
fontana 511 1
food 501 2 504 5 509 8 516 3 517 1 537 8 544 1 547 1
foot 509 3 518 2 522 1
for 501 9 502 8 503 21 504 4 505 4 506 2 507 3 508 5 509 21 510 3 511 1 512 10 513 6 515 6 516 5 517 10 518 14 520 5 521 3 522 11 523 1 524 1 526 1 527 4 528 3 529 2 530 9 531 5 532 13 534 3 536 8 537 8 538 2 539 6 540 23 541 12 542 3 543 7 544 13 545 28 547 12 548 1 549 7 550 8
foranonpost 502 1
foray 527 1
forc 521 1 522 1
forearm 540 1
forecast 503 2 517 5
forest 517 1 537 1 547 21
forev 542 1
forget 520 1
forgiv 535 1
form 501 1 503 3 506 1 517 1 520 1 528 1 531 1 532 2 534 2 536 18 540 1 545 1
format 517 1
former 526 4
formopen 536 2
formsemploye 536 1
formsheftilyadverbheftinessnoun 514 1
formula 537 1
fort 506 2
forth 530 1 542 1
forthey 530 1
forti 542 2
fortyf 522 1
forum 532 2
forward 507 1
fotoliacom 531 1
found 507 1 509 3 518 1 520 1 542 3 544 1 546 1 547 2
foundat 517 1
four 526 1 531 1 544 1
fourteen 542 1
fractur 532 1 540 5
fragil 502 1
franc 511 2 546 1 549 1
francesca 511 2
franchis 507 1
franci 511 2
francisco 511 2 527 1
frank 511 2
frankenthal 511 1
franois 511 2
freak 539 1
freder 511 2
free 503 4 509 3 512 1 518 4 520 3 529 1
freedom 545 3
freelanc 503 1 531 1
french 534 6
frequenc 548 1
frequent 509 1 512 1 541 1
fresh 501 1
freshen 537 1
fri 511 1
frida 511 2
friday 517 1
fridg 549 1
friend 501 1 513 1 517 1 537 1
from 501 4 502 1 503 5 504 1 505 1 507 1 508 4 509 12 510 2 511 2 512 3 513 1 516 5 517 14 518 4 519 1 520 1 521 2 522 1 523 1 524 1 526 3 527 3 529 1 531 5 532 8 533 1 534 3 535 2 536 2 537 2 540 6 541 2 542 2 543 1 544 3 545 2 546 11 547 2 548 1 549 6 550 7
front 522 3
fruit 501 6 549 29
fruitscherri 501 1
frustrat 509 1 550 1
ft 542 3
ftp 513 1
fuel 503 1 516 1 547 3
full 505 1 507 1 509 1 514 1 527 1 529 1 537 1 544 1 549 1
fullfeatur 529 1
fulli 509 1 537 1
fulltim 503 1
fullyear 503 3
fun 527 1 545 5
function 503 1 537 1 540 2 543 1
fund 503 1
fundament 529 1 545 2
further 506 1 509 1 517 1 544 1 548 1
futur 520 1 521 5 547 1 550 1
g 510 1
gabriel 533 1
gadget 508 3 512 1 527 1
gaiden 527 1
gain 506 1 514 1 516 1 518 1 524 1 545 1
galile 542 1
gall 510 2
gallbladd 510 2
galor 537 1
game 523 1 527 17
gameplay 527 7
gangesbrhamaputra 533 1
gardner 511 1
gare 526 2
garnish 501 2
gas 503 1 547 1 548 3
gastric 510 2
gastrin 510 3
gastrointestin 510 1
gather 513 2
gatwick 546 4
gauguin 511 1
gdc 527 6
gdcamar 527 1
gdcas 527 1
gedd 511 1
geek 502 1
gees 526 1
gen 542 1
general 517 1 528 1 531 1 540 5 545 15 547 2 548 1 549 1
generat 503 1 513 1 520 2
genesi 542 7
genet 516 1
gentl 502 1
geometri 518 1
georg 511 6
georgia 511 2
gerard 511 2
german 534 5
gestat 531 1
get 502 1 503 6 505 2 507 1 516 2 517 1 518 2 519 1 520 1 522 6 528 3 532 6 537 1 538 1 540 1 541 2 542 1 543 1 544 3 545 2 546 1 547 1 550 7
ghiberti 511 1
ghosh 517 1
ghost 526 1
giacometti 511 1
gianlorenzo 511 2
giant 547 2
gift 501 2 527 5
gig 503 1
gilbert 511 3
gilli 526 2
gin 501 1
girl 511 3 534 2 535 1
give 501 2 503 2 509 3 512 1 518 2 522 1 543 3 544 2 545 2
given 508 2 517 1 520 4 534 3 540 1 544 2
gland 506 4
glass 501 1
glitch 523 1
global 545 2 547 2
glucos 549 1
glucosefructos 549 1
glute 522 2
gmarket 512 1
gmtwhat 513 1
go 502 2 503 1 509 1 518 1 522 3 527 1 528 1 529 1 532 1 536 1 543 1 544 1 547 1 549 1
goal 540 1 545 3
gobbl 501 1
god 526 1 535 1 542 2
gogh 511 1
goiter 506 2
gone 542 1
gonzal 511 1
good 501 2 503 2 509 1 516 8 520 6 523 1 528 1 532 1 549 2 550 2
goodwil 535 1
googl 503 1 508 1 512 1 520 4 549 1
gordo 526 1
gorilla 547 4
gossypium 502 1
got 523 1
gotten 528 1
govern 517 2 530 14 545 1 547 2
governmentit 530 1
governmentth 530 1
gowon 533 1
goya 511 1
gps 517 1
grace 535 29
grade 502 1 521 2
graduat 527 1 549 1
gram 549 19
grandma 511 1
grape 549 3
graphic 517 1
grard 511 1
grass 509 2 546 1
grassf 509 1
gratia 535 2
grave 506 2
graze 547 1
great 501 3 509 1 511 1 518 2 522 5 527 1 533 1 537 1 542 1 543 1 547 1 549 1 550 1
greater 524 1
greatest 509 1 537 1
greav 549 1
greek 510 1
green 537 1 539 1 547 1 550 1
greenhous 547 1
greet 508 1
grenn 526 1
grew 547 1
grey 504 1
greyguard 526 1
groceri 509 1 549 2
groom 505 16
ground 501 1 507 2 509 5 547 1
groundwat 547 1
group 507 6 517 1 524 5 531 1 534 1 544 1
grove 539 1
grow 503 1
grown 547 1 549 1
growth 506 1 509 5 524 1 529 2 547 1
guar 549 1
guarante 509 10 518 1
guardia 546 3
guess 528 1
guid 502 2 503 3 508 4 513 1 516 1 527 3
guidanc 503 1
guidelin 501 1 509 1 550 2
guidenov 527 1
guideth 513 1
gulp 549 1
gum 532 3 549 1
gustav 511 2
gut 510 1
guy 505 1
guyon 540 1
gym 516 1 522 2
gymnast 516 1
gynecolog 531 2
h 510 1 515 3 550 1
ha 535 1
habit 503 1 547 1
habitat 504 1 547 4
hackathon 525 1
had 501 1 509 2 513 1 517 1 521 2 523 1 528 1 532 10 542 1 544 7 547 1
haiku 520 1
hair 550 1
halder 526 1
half 547 3
halfhand 526 1
halo 522 4
halv 506 1
hamat 540 1
hamstr 522 1
hand 501 1 502 1 503 1 509 2 512 1 522 5 540 6 543 1 544 1
handcard 502 1
handel 522 1
handi 503 2
handl 509 6 513 1 550 1
handson 527 1
happen 513 1 522 1 528 1 533 1
harbor 526 1
harcourt 514 3
hard 516 1 522 2 532 1 537 1 539 1 550 3
harder 518 1 539 1
harfield 542 2
harker 526 1
harm 504 1 517 2 531 1
harrabin 517 3
harvest 509 4 547 1
has 502 4 503 2 508 1 509 3 510 1 512 3 516 2 517 4 518 1 521 1 522 1 523 2 524 2 527 2 528 2 530 2 531 2 532 1 534 2 537 6 538 1 540 2 542 1 543 1 544 6 546 4 547 7 549 6 550 2
hashimoto 506 1
hasn't 538 1
haul 516 1
hav 546 1
have 501 5 502 3 503 15 504 1 505 1 506 2 507 1 509 7 512 3 516 1 517 3 518 2 520 1 522 7 523 3 526 1 527 3 528 6 530 1 531 2 532 13 537 7 540 1 541 5 542 3 544 11 545 5 547 10 548 1 549 6 550 4
hawaii 520 6
hawaiian 520 4
hay 546 2
hazi 517 1
he 509 3 513 1 514 1 517 3 526 2 528 1 532 2 533 1 542 2 547 1
head 522 1 533 1
headach 532 2
headlin 517 1 527 1 544 1
headon 517 1
headquart 520 1
heal 528 1
healingadd 528 1
health 501 1 503 2 506 1 509 1 510 1 516 4 517 8 525 1 537 10 540 1 544 1
healthi 503 1 516 6 517 1 531 2 537 1
healthier 537 1
hear 547 1
heart 516 4 517 6 521 1 537 2
heartburn 531 1
heat 517 1 528 1 532 1 537 1
heater 550 1
heaterit 550 1
heathrow 546 11
heavi 501 1 514 2
heavier 518 3
heavili 514 1 517 1
heavylarg 514 1
hebrew 534 3 542 1
hefti 514 7
heftier 514 1
heftiest 514 1
heftiestheavi 514 1
heftiestweighti 514 1
heftyheftyadjectivehefti 514 1
height 522 1
heldmann 518 1
helen 511 2
help 503 5 510 1 512 1 516 6 517 3 519 1 530 2 531 2 532 2 537 1 538 1 541 1 545 5 547 3 550 4
helpguideorg 516 2
hematoma 540 4
hemoglobin 537 1
hemorrhag 531 1
hemorrhoid 531 1
henc 510 1 513 1
henri 511 5
hepworth 511 1
her 516 1 531 4 532 1
herald 531 1
herbaceum 502 1
herbicid 547 2
herbivori 504 1
here 503 2 507 1 508 1 518 1 527 2 528 1 535 1 537 3 541 2 544 1 549 1
heremaui 520 1
herement 520 1
heresend 520 1
heritag 514 2
hernando 524 4
heroin 510 1
hesit 506 1 509 1
hi 520 1
hide 547 1
hieronymus 511 2
high 501 2 502 1 504 1 507 1 509 2 512 2 515 1 516 2 517 10 531 2 532 1 535 1 537 2 542 1 545 2 547 1 549 1 550 3
higher 502 2 517 1 518 1 521 1 524 1 539 2 541 2 545 3 550 2
highest 517 1 524 1 541 1 547 3
highlight 503 1
highqual 509 1
hike 508 1
hill 526 1
him 530 1 542 1 549 1
hip 532 3
hipwidth 522 1
hire 515 1 518 1
his 509 4 520 1 526 6 532 2 542 4 544 1
histor 529 1
histori 519 1 520 1 531 1 537 1
hit 517 1 522 2 532 1
hnbr 539 8
hoars 506 1
hobb 526 12
hockney 511 1
hogsplitt 526 2
hold 501 1 509 1 514 1 516 1 522 1 531 1
hole 515 1
holiday 527 3 545 3
home 502 1 504 1 509 2 511 1 518 9 522 1 524 2 532 1 541 3 544 1 547 7 550 5
homer 511 1
homestay 545 2
honolulu 520 2
honorari 517 1
hook 540 1
hoov 509 1
hopbyhop 513 2
hope 502 1 547 1
hopper 511 1
horizont 502 1 518 2
hormon 506 4 509 6 510 7
horribl 509 1
horseback 509 1
hospit 540 1
host 504 2 513 1
hot 505 1
hotel 547 1
houghton 514 3
hour 507 2 531 1 538 1 540 3 545 2
hous 518 1 524 2 530 1 547 1
household 524 9
householdstot 524 1
housingtot 524 1
how 501 2 502 3 503 14 505 1 508 13 509 4 511 1 513 1 516 2 517 1 518 2 522 4 532 3 536 2 537 1 538 1 541 6 542 18 543 5 544 2 545 1 546 1 550 1
howev 503 1 512 1 517 2 522 1 530 1 531 1 537 1 544 1 546 2 547 1 548 1
hr 515 1
hrefhttpwwwsoftschoolscomexamplessc 504 1
httpenwikipediaorgwikivasoactiveint 510 1
httpjournallivingfoodusthetamiflud 544 1
httpstrimtpk 510 1
hu 524 2
hucabi 513 1
huffington 516 1
hugh 526 1
hula 520 1
human 504 1 509 2 510 2 547 1
humbl 535 1
humid 528 1
hundr 522 1
hung 512 1
hunger 510 1
hurri 544 1
hurt 532 1 547 1
hustler 503 1
hypercapn 548 1
hypersensit 510 1
hyperthyroid 506 4
hypoparathyroid 506 1
hypothalamus 510 1
hypothyroid 506 2
i 501 4 502 10 504 1 508 3 509 2 512 1 518 4 522 2 523 8 528 6 530 2 532 30 533 3 537 6 539 11 541 14 545 5 549 12 550 1
i'd 533 1
i'll 502 1 549 1
i'm 532 1
ib 541 2
ibm 513 1
ice 501 1 526 2 530 1
icel 510 1
icmp 513 5
id 541 1 543 2
idea 501 2 505 9 509 2 523 1 532 1
ideal 516 1 533 1 537 1
idealist 533 1
ideascolor 505 1
ideasrefin 505 1
identifi 503 3 506 1 526 1
ielt 545 6
if 501 5 502 3 503 15 505 1 506 1 509 4 516 3 517 2 518 3 520 1 522 2 524 2 526 1 528 9 530 1 531 1 532 4 533 1 535 1 536 6 537 1 539 1 541 4 542 1 543 3 544 3 545 4 547 3 548 2 549 2 550 2
iii 527 1
ill 504 1 537 1
illequip 531 1
im 532 1 549 2
imag 516 1 518 1 520 1 529 2 531 1
imagin 547 1
immedi 512 1 516 1
immun 537 4
imogen 511 2
impact 502 1 517 1 547 1
impecc 507 1
implant 509 2
implement 513 1 543 1
impli 517 1
implic 510 1
import 502 1 503 1 506 1 509 6 517 2 518 2 522 1 537 3 550 1
impos 548 2
impress 527 1
improv 503 1 516 5 517 2 537 1 541 1 545 7 548 1 550 1
impur 502 1
in 501 11 502 4 503 8 504 5 505 2 506 4 507 8 508 11 509 28 510 11 511 1 512 10 513 4 515 1 516 4 517 19 518 7 520 16 521 1 522 10 523 1 524 5 526 5 527 10 528 3 531 17 532 14 533 10 534 14 535 8 536 5 537 26 538 5 539 14 540 10 541 6 542 21 543 10 544 9 545 37 546 10 547 21 548 12 549 15 550 20
inabl 540 1
inc 507 6 519 1 520 1
inch 518 2 542 1
includ 503 5 506 1 507 1 509 3 510 1 513 2 515 2 517 1 522 1 527 1 531 2 534 1 540 4 541 1 543 1 544 2 545 2 547 2 550 1
includeconnect 543 1
incom 503 6 524 7
incomemedian 524 1
inconsist 509 1
incorrect 520 1
increas 503 1 504 1 514 1 516 1 517 2 518 8 521 1 524 1 537 1 540 1 544 1 545 2 547 1 548 3
increasenot 544 1
independ 503 3 509 2 521 4 527 3 531 1 544 1
indepth 503 1 522 1
index 524 4 540 2
india 533 1 545 7
indianapoli 550 1
indic 518 1 521 1 547 1
indigest 531 1
individu 519 1 526 1 537 1 540 1 545 1
indonesia 512 3
indoor 517 1
induc 510 1
industri 502 1 509 2 512 1 517 1 537 1 547 1
indywat 550 1
inexor 547 1
inexpens 518 1
infam 539 1
infant 531 1 544 1
infect 509 1 531 1 532 1 544 1
infiltr 540 1
infin 527 1
infinit 527 1
inflamm 501 1
inflat 540 1
influenza 504 1 544 1
info 544 1
infograph 503 3
infom 520 1
inform 503 1 506 1 509 1 513 1 518 1 520 1 531 1 536 1 541 1 543 2
infus 501 4
ingham 542 1
ingredi 501 1 509 3 513 1 549 10
inhal 517 2
initi 517 1 548 1
inject 509 1 532 1 540 6
injuri 506 1
ink 528 3
inner 539 1
inpv 548 4
insect 504 1 547 1
insecur 532 1
insid 508 1 512 1 532 1 543 2
inspect 509 1
inspir 505 2 511 2 548 1 549 1
inspiratori 548 6
inspiredthi 505 1
instal 508 1 512 4 518 3 520 1
instead 508 2
institut 516 2 537 1 545 4
instruct 502 1 522 1 545 2
insuffici 506 1
insul 518 1
insur 518 2 537 1
insuredalway 518 1
insurg 547 1
intak 516 1 532 1
integ 536 2
integr 509 1 537 1
intens 545 3
interact 548 1
intercellular 537 1
interchang 549 1
interest 503 1 518 2 546 4 547 1
interfac 543 2
interlac 502 1
intermitt 548 1
intern 509 1 541 1 542 1 545 5 546 4
internist 540 1
interpret 530 2
intertwin 542 1
intervent 531 1
intestin 510 5 537 1
into 502 4 503 1 517 2 520 1 522 2 524 1 526 2 527 1 532 1 537 1 540 7 541 2 545 1 546 1 547 3 548 3 550 1
intraven 540 4
introduc 501 1 513 1 517 1 537 1
introduct 513 1 543 2
invalid 536 1
invas 548 1
invent 549 2
inventori 503 7
invest 517 1 520 1
investig 544 1 550 1
invis 517 1
invoic 503 8
involv 509 2 540 2 545 2
io 513 4
ip 513 12
ipsla 513 1
ir 503 5
ireland 533 2
irfan 513 2
irish 534 1
iron 522 1 537 1 548 2 550 21
ironfre 550 1
irontheyl 550 1
irrit 517 1
is 502 26 503 20 504 10 505 3 506 16 507 6 508 4 509 18 510 12 512 6 513 8 514 1 515 1 516 2 517 7 518 19 519 1 520 10 521 2 522 13 523 1 524 5 526 4 527 4 528 14 529 1 530 15 531 16 532 13 533 20 534 8 535 11 536 4 537 24 538 2 539 4 540 25 541 3 542 6 543 15 544 13 545 11 546 34 547 14 548 7 549 18 550 3
ischemia 521 1
isl 504 1
island 520 4
isn't 526 1
isnt 505 1 518 1 522 1 550 1
isocertifi 509 1
isol 509 1
israel 542 1
issu 517 5 550 1
it 501 3 502 7 503 14 504 2 505 1 506 1 508 3 509 6 510 5 512 2 513 4 516 8 517 10 518 7 520 6 522 10 523 3 524 1 527 5 528 21 530 5 531 9 532 12 533 6 534 9 535 3 536 1 537 9 538 5 539 1 540 2 542 5 543 9 544 9 546 4 547 11 548 3 549 20 550 8
itadd 528 1
italian 534 1
itcheckedoutadd 528 1
item 503 2 515 2 543 3
itself 506 1 522 1
iv 540 1
ive 501 1 549 1
iy 534 1
jack 526 1
jacket 505 2
jackson 511 2
jacquesloui 511 1
jafer 526 1
jaguar 547 1
jam 549 25
jame 511 1
jami 549 1
jamoh 549 1
jan 511 4 527 4
jane 511 1
januari 503 1 544 1 545 2
japan 544 1
japanes 544 1
japer 511 1
jar 501 8
jaremi 526 1
jargon 518 1
jasper 511 1
jaun 511 2
javacheff 511 2
jay 546 4
jean 511 3
jeanmichel 511 2
jell 549 1
jelli 501 1 549 1
jellyor 549 1
jenni 511 2 517 1
jenniferb 542 1
jeor 526 1
jewishamerican 542 1
jfk 546 1
jh 528 1
jill 516 1
jim 511 2
jin 533 1
jitter 513 2
joan 511 2
job 503 1 515 3 518 3 519 2 530 1 538 1
jobi 526 1
joe 526 1
john 511 5 516 1
join 506 1 527 2 539 5 547 1
joint 515 2 537 1
jointt 532 1
jon 526 3
jonita 531 1
joshi 532 1
journal 544 2
ju 530 1
judaism 542 1
judg 530 1
judici 530 7
juic 501 2 510 2 549 18
juiceharvest 549 1
juicesand 510 1
juici 501 1
jul 523 1 527 1 539 1
juli 501 1 524 2
julia 511 2
julian 511 2
jump 517 3
jun 508 1 539 1 550 1
junctur 518 1
june 511 1 549 1
junior 545 1
jusdt 542 1
just 501 3 502 1 503 1 505 2 508 2 516 1 522 1 528 3 532 4 537 1 539 3 542 1 544 1 545 1 547 1 549 2 550 4
justic 527 1
k 534 1
kahlo 511 1
kahului 520 2
kandinski 511 1
kangi 533 1
kara 511 2
karl 526 1
katalyst 539 1
kate 505 1
kauffmann 511 1
kay 517 1
kazer 539 2
kb 522 8
keep 503 6 509 1 516 1 517 1 522 5 526 2 550 2
keg 526 1
keith 517 1 546 6
keither 542 1
kelli 511 2
kentucki 546 1
kept 503 1 537 1
kettlebel 522 26
key 503 2 513 2 522 1 527 1
kid 544 4 549 1
kidney 532 3
kidneyabout 532 1
kidneyshasn't 532 1
kik 508 1
kill 509 1 547 1
killer 522 2
killo 520 1
kilometr 533 1
kind 502 1 509 2 522 1 537 1 547 1
king 526 1
kingdom 546 2
kingston 546 1
kinin 510 1
kirkwood 517 1
kitchen 526 2
klee 511 1
klex 546 1
klimt 511 1
klondon 546 1
km 533 3 542 1
kmart 538 2
kmdw 546 2
knee 522 1 534 1
know 501 1 503 2 508 1 509 2 522 3 531 1 532 1 533 1 537 2 542 1 549 4 550 1
knowledg 519 1 545 1
known 503 1 506 1 509 2 510 2 513 2 520 1 526 1 531 1 547 2
koon 511 2
krasner 511 1
kristin 503 1
kudo 523 1
kusama 511 1
kuter 523 1
ky 546 1
l 534 4
la 531 1 537 6 546 3
lab 501 1 509 1 537 1
label 509 4 549 2
labor 515 5 518 4 531 3
lack 531 1 537 2 547 1
ladi 535 1
lake 526 1 533 1
lalithgeorg 535 1
lanai 520 1
land 509 1 526 1 542 2 547 12
landedh 542 1
landscap 547 1
landslid 547 3
lang 511 1
languag 514 1 526 1 534 3 535 2 545 10
larg 501 1 502 1 517 1 537 1 540 1 547 1
largest 507 1 520 1 547 1
last 501 2 508 1 511 1 518 1 529 1 531 2 532 1 535 1 536 2 537 2 539 4 540 2 544 1
late 503 1 532 1
later 513 2 517 1 547 1
latest 507 1 512 1 527 1 537 1
latin 534 4 535 3
launch 503 1 512 1 517 2
laundri 550 2
lavinia 511 2
law 503 1 517 1 526 1 530 14 531 2 547 1
lawrencevill 545 2
lay 503 1 534 1
layer 517 1
lbp 527 1
lbs 537 3
lci 546 1
le 549 1
lead 509 1 527 3 547 5
leaf 531 1
leafi 547 1
leak 518 1 540 1
lean 509 2
learn 501 1 510 1 541 3 545 10 549 1
learner 545 1
least 509 1 518 2 531 2 547 1 549 2
leav 501 1 509 1 528 1 545 2 547 2 550 1
leboncoin 512 1
lectur 516 1 537 1
led 547 2
lee 501 2 511 2
left 527 1 532 2 542 1
leftsubmit 528 1
leg 531 1
legal 517 2 544 1
legend 509 1
legisl 530 11
leibovitz 511 1
lemon 501 1 549 5
len 536 1
length 502 1 533 3
leonardo 511 2
leopard 547 2
less 503 1 522 1 524 1 537 1 544 1 547 2 549 3
let 503 1 507 1 508 2 522 2 528 2 537 1 543 1 544 3 549 2
level 503 1 513 2 515 1 516 5 517 24 529 1 532 1 537 4 540 1 542 1 543 1 545 1 547 1 548 1 550 6
lex 546 1
lexington 546 1
lftb 509 2
lg 539 1
lgmini 539 1
liabil 503 1
libr 512 1
licens 509 1 514 1
lichtenstein 511 1
lid 501 1
lie 546 1
lieberkhn 510 1
life 504 2 509 1 511 1 518 1 527 1 537 5 542 1
lifestyl 516 1
lift 517 1 522 1
light 501 1 505 2 515 1 517 1 520 1
lighten 520 1
lighter 518 1
like 501 5 502 4 503 2 505 2 508 1 510 2 512 1 517 2 520 1 522 2 531 4 532 3 534 1 535 1 537 1 539 4 545 1 546 1 549 4 550 3
likelihood 524 1
likemind 509 1
lilla 511 2
lilli 511 2
lime 546 1
limit 513 1 518 1 546 3 547 1 550 1
limo 507 9
limousin 507 3
linda 542 1
line 506 1 508 1
linen 550 1
lineup 527 1
link 504 1 508 1 512 1 517 1 534 1 539 1 550 1
linkcit 514 1
linkcitehefti 514 1
linkciteheftyadjectivehefti 514 1
linkidin 520 1
lion 526 1
liqueur 501 4
liquid 537 8
liquor 501 4
list 502 1 511 1 523 1 536 1 541 1 543 10 547 1 549 1
listen 545 3
liter 537 1
lithotripsi 532 1
littl 516 1 518 1 522 1 527 1 532 1 540 1 544 1 549 1
liu 533 3
live 504 5 518 2 520 1 526 1 527 2 537 1 542 3 547 2
load 521 1
lobe 506 1 532 1
lobor 526 1
local 503 1 517 4 538 1 540 15 549 1 550 2
locat 502 1 506 3 507 1 509 1 515 1 520 1 524 4 531 1 539 5 543 2 546 1
lock 522 3 526 1
log 541 1
logic 543 2
login 541 1
loginusernamepasswordforgot 502 1
lola 511 2
lon 546 1
london 517 2 546 33
long 509 2 513 1 516 4 522 1 526 1 529 1 531 1 533 1 541 2 542 18 545 1 547 1
longer 516 1 539 2 541 1 547 1
longest 533 16
longterm 517 2
look 502 2 503 4 505 7 510 1 518 1 522 5 528 1 532 1 537 1 544 1 545 3 549 1
lookup 543 1
loos 502 1
lord 526 2 542 1
lorenzo 511 2
lose 516 7 522 1 547 1
loss 503 3 506 2 513 1 516 2 532 1 547 3
lost 547 2
lot 502 1 522 1 537 2 549 1
love 501 1 508 1 533 1 535 2 549 1
lover 501 1 509 1 512 1
low 506 1 515 1 517 1 522 1 537 1 549 2 550 2
lower 506 1 516 2 517 1 522 1 540 1 549 2
lowersugar 549 1
lowest 549 2
lowsugar 549 3
lp 509 1
lsa 519 3
ltd 520 1
lu 533 1
luke 526 1 542 1
lump 532 2
lung 516 2 517 8 531 1 537 1 548 4
luscious 547 1
lux 539 1
luxardo 501 3
luxuri 507 3
lvarez 511 1
lyke 512 14
lymph 506 1
m 516 1 529 3 532 1 537 1
mac 535 1
macdowel 511 1
macer 501 3
mach 537 1
machin 502 2 550 1
macro 536 4
mad 509 3
made 501 1 502 1 509 1 516 1 523 1 524 1 528 1 538 1 544 2 547 1 549 4
maester 526 1
magnesium 550 1
magritt 511 1
mail 503 2
main 506 1 539 2 546 1 550 1
maintain 503 1 507 2 522 1 548 1
mainten 523 1
major 507 2 509 1 510 1 517 2 520 1 526 1 541 2 546 5
makawao 520 1
make 501 10 502 3 503 16 509 2 516 1 517 2 518 1 520 1 522 7 526 1 527 1 530 2 533 1 539 1 544 2 547 1 549 7
maker 544 1
malaysia 547 1
malibu 545 3
mallist 526 1
maman 549 3
mammal 547 2
man 509 1 511 1 535 1 542 1
manag 503 4 543 2
manc 526 1
mandmforev 528 1
manhattan 501 2 546 3
mani 501 1 502 2 503 1 505 1 506 1 508 4 509 1 510 1 522 1 528 1 537 2 538 1 540 6 541 1 543 4 547 6 549 2 550 1
manimpress 514 1
manipul 540 2
mankind 535 1 542 1
mann 511 1
manon 549 1
manual 503 1
manufactur 502 1
map 533 1
mar 508 1 513 1 527 3 537 6
marasca 501 1
maraschino 501 1
marathon 516 1
marc 511 2
marcel 511 1
march 515 1
margaret 511 3
margin 503 1 521 1
marguerit 511 2
mari 511 4
maria 517 1
marina 531 1
mario 527 1
marion 550 1
mark 503 1 511 2 533 1
marker 539 6
market 531 1 537 1
marmalad 549 1
marsh 526 1
martin 511 1
mash 514 1
mass 533 1
master 501 1 511 1 539 1
match 515 1
materi 502 2 513 1 515 3 518 5 539 1
math 541 11
mathemat 546 4
matiss 511 1
matter 521 10 528 1 539 1 546 1
matthar 526 1
matthew 542 1
maui 520 20
max 511 3 529 1
maximum 517 1 545 1 550 2
may 502 2 503 3 505 1 506 3 508 1 511 2 512 1 516 3 517 4 518 1 532 1 540 3 541 3 543 1 544 2 546 1 547 3
mayb 502 1 510 1
mayo 516 1
mb 512 1
mc 516 1
mdw 546 2
me 501 1 522 1 523 1 532 2 536 1
meager 538 1
meal 516 1 537 1 549 1
mean 502 1 504 1 509 9 516 1 517 1 518 1 521 1 528 3 530 1 534 2 535 20 536 1 544 2 548 1
meansit 535 1
meant 502 1 522 1
meanwhil 517 1
measur 502 2 503 1 509 2 517 1 518 2 521 1 537 1 538 1
meat 509 3 549 1
mechan 516 1 548 1
media 517 9 527 1
medial 540 2
median 524 3 540 1
medic 516 1 517 1 519 1 531 2 537 2 540 8 544 2
medicar 503 1
medicin 544 2 548 1
medscap 548 1
meet 503 1 507 1 509 3 517 1
mega 520 1
mellow 501 1
meltinyourmouth 509 1
member 509 1 519 1 523 1 526 1
meme 508 1
men 521 1 526 1
mental 544 1
mention 526 2
mercado 512 1
merci 535 1
merck 531 1
merseysid 517 1
mess 539 2
messag 520 1
messeng 508 4
messpick 528 1
met 517 2
metabol 506 1 537 1
metadata 543 2
metal 518 9 550 1
metanet 527 1
method 521 2 536 4 540 1 543 2 545 1
metro 507 1
mgl 550 1
mgs 527 1
mia 526 1
michael 544 1
michel 546 1
michigan 501 1 531 2
microorgan 544 1
microscop 537 1
microsoft 536 1
middl 506 1 540 2
midland 517 2
midlif 516 1
midway 546 2
mifflin 514 3
might 502 1 510 1 518 1 531 2 532 1 550 4
mighti 514 1
milder 544 1
mile 524 1 533 1 546 4
milesor 533 1
milimet 532 1
milind 532 1
mill 520 1
million 504 1 506 1 517 1 520 1
min 503 1
mind 501 2
mine 549 1
miner 537 1 550 4
mini 549 1
minim 502 1 509 1 516 1 540 2
minimum 509 1 515 2
minist 517 1
mink 526 1
minor 517 1
mint 544 7
minut 548 1
mirjulia 511 1
misconcept 531 1
miscth 503 1
mishna 542 1
miss 527 1
mission 509 1
mistak 528 1
mix 517 1 540 1
mixtur 501 1
mlahlou 528 1
mm 528 1 532 1
mmoffett 528 1
mobil 512 2 532 1
mockingbird 526 3
mode 531 1 548 4
model 543 3
moder 517 3
modern 527 1
modest 534 1
modul 541 4
moistur 547 1
molecul 527 1 537 2
molli 535 1
molokai 520 2
mondrian 511 1
monet 511 1
money 503 4 516 1 518 1 523 3 547 1
monitor 509 5 540 1 550 1
monkey 539 1 547 1
monoxid 537 1
month 501 4 503 8 516 1 528 2 529 3 531 1 542 7 544 1 549 1
monthend 503 1
moor 511 1
moos 504 2
more 502 2 503 7 504 2 505 1 506 1 508 1 509 3 510 1 516 2 517 2 518 2 519 1 520 2 522 2 524 2 527 2 531 1 532 2 534 1 537 3 538 1 540 1 541 2 543 2 544 8 545 7 547 7 548 1 549 3 550 6
morgan 511 1
mormont 526 1
morn 528 1 531 1 532 1 545 1
morphin 510 1
mortal 548 3
mosesann 511 1
most 503 3 506 3 507 2 509 1 512 1 517 2 518 2 522 1 527 1 531 1 534 1 537 8 539 2 540 3 544 1 545 2 547 1 549 3 550 1
mother 531 4 549 1
mothertob 531 1
motherwel 511 1
motion 522 2
mount 542 1
mountain 526 1 542 1
mouth 509 3 548 1
move 503 1 510 2 522 1 531 1 536 3 538 1
movement 535 1
movi 527 3
mri 532 2
msg 536 1
much 501 4 503 9 508 1 516 1 517 2 518 1 522 1 528 1 537 3 539 1 547 1
mud 515 1
mulli 526 1
multipl 508 1 518 1 531 1 550 1
multivari 521 1
munch 511 1
municip 550 1
muscl 509 2 516 3 522 1 537 1 548 3
muscular 514 1
must 509 1 540 1 547 1 548 1 549 3
mutini 526 1
mv 548 2
my 501 6 518 2 523 2 528 5 532 20 537 3 539 5 541 3 546 4 549 5 550 1
myk 526 1
myself 502 2
myth 531 2
n 527 11 534 2 537 1 548 2
na 537 1
nahuel 534 1
nahyl 534 1
nail 534 1
nair 510 1
nala 534 1
nalah 534 1
nali 534 1
nalle 534 1
nalley 534 1
nalli 534 3
nallo 534 1
nalo 534 1
name 503 1 511 12 513 2 520 2 526 1 534 14 535 16 536 8 543 1
nano 539 1
naolinn 534 1
narrow 522 1
natal 534 3
natali 534 3
nation 516 2 517 1 533 1 537 1 546 1 547 1 550 2
nationcom 539 1
nationwid 507 1
nativ 535 1
natur 537 1 544 1 547 1 549 2 550 1
nausea 544 3
nautic 505 2
navig 536 1
nd 542 2
neali 534 1
neall 534 1
near 503 1 517 1 520 1 544 1 549 1
nearbi 531 1
nearest 531 1 546 5
nearfinish 527 1
necessari 503 1 505 1 509 1 532 1 537 1 545 1
neck 506 3 521 1 532 1
need 501 1 502 1 503 7 507 4 516 3 517 2 528 1 532 3 535 1 537 6 539 1 540 3 541 4 543 2 545 5 547 1
needl 528 1 540 2
neel 511 1
neele 534 1
negat 502 1 537 1 547 1
neglect 509 1 537 1
neither 503 1 528 1
nelugo 526 1
nerv 509 1 540 13
nervous 506 1
net 503 4
network 507 1 513 2
neutral 550 1
never 503 1 509 5 526 1 528 1 539 1
new 501 1 508 2 512 2 514 1 516 1 517 1 518 7 528 3 536 1 537 1 538 1 541 1 542 1 545 3 546 2 547 1
newark 546 1
newborn 531 1
newest 507 1 510 1 528 1
news 501 1 510 1 538 1 544 1 550 1
newslett 503 1
next 503 3 512 1 527 1 543 1 544 1 548 1 549 2
nexxux 539 3
niagaraonthelak 549 1
nice 502 1 522 2 535 1
niger 533 2
nigeria 533 5
nigeriasen 533 1
night 526 6 535 1 542 3 549 1
nightfort 526 1
niko 526 1
nile 533 3
nimbl 527 1
nine 546 1
ninja 527 5 539 4
nippl 532 1
nitrogen 517 2
nksnow 542 3
nn 527 1
no 509 2 512 1 513 1 517 5 521 2 523 2 528 1 531 1 532 1 534 1 537 1 540 1 541 2 542 2 544 5 546 1 547 1 548 2 549 3 550 1
noah 534 2 542 30
nod 527 1
node 506 1
nodhcp 513 1
nodul 506 4
nodulesgoit 506 1
noe 534 1
noel 534 18
noell 534 5
noftp 513 1
nohttp 513 1
nol 534 4
nolan 509 16
nollaig 534 1
nom 527 1
nomin 527 1
none 509 1 526 3
nonforest 547 1
nongmo 549 1
noninvas 516 1 548 1
nonmandatori 550 1
nonnat 545 1
nonproduct 509 1
nontox 537 2
nonwork 522 1
nopathecho 513 1
nopathjitt 513 1
nor 503 1
nordic 544 1
norfolk 517 1
normal 506 1 528 4 536 1 537 1 539 2 543 1
northeast 517 1
northwest 517 1
nose 506 2 548 1
nosugarad 549 1
not 503 8 506 1 509 14 512 1 516 2 517 1 518 3 520 1 521 1 522 3 523 1 527 1 528 3 531 3 532 1 536 1 537 5 541 4 543 1 544 9 546 1 547 8 549 2 550 1
note 503 2 511 1 514 1 518 3 531 1 541 1 546 1 550 1
notesif 524 1
noth 509 1 537 1 544 4 550 1
notic 512 1 537 1 550 1
noudpecho 513 1
noudpjitt 513 1
nouel 534 1
noun 514 1
nov 527 1
novel 526 1
now 501 1 503 1 505 1 508 1 513 1 523 1 527 1 532 5 534 1 543 1 547 3 549 2
nowel 534 1
nsf 550 1
nuclei 510 1
numb 540 2
number 502 1 503 4 515 1 516 2 518 3 520 4 537 1 539 1 544 1 546 2
numer 547 2
nurs 542 1 544 1
nutrient 516 1 537 2
nutrit 516 1
nutriti 509 3
nx 508 1
o'keeff 511 1
oahu 520 1
oak 534 1
oathkeep 526 1
obgynapprov 531 1
object 536 4
oblig 503 1
obsess 501 1
obstetr 531 2
obstetrician 531 3
obstruct 548 1
obtain 541 1
occasion 534 1 540 1
occupi 524 2
occur 506 2 509 2 531 3 536 1 544 1 547 2 548 1
occurr 532 1
ocean 517 1
oct 527 1 539 2
odata 543 1
odor 550 5
of 501 28 502 15 503 26 504 11 505 3 506 18 507 5 508 2 509 38 510 14 511 2 512 9 513 10 514 7 515 6 516 13 517 32 518 29 519 3 520 18 521 5 522 11 523 2 524 6 526 18 527 14 528 2 529 3 530 29 531 18 532 12 533 10 534 10 535 8 536 4 537 48 538 1 539 6 540 25 541 2 542 12 543 15 544 23 545 17 546 7 547 41 548 16 549 20 550 13
off 501 1 502 1 503 3 504 1 516 2 522 2 528 2 532 1 543 1 544 1
offer 503 1 507 4 511 1 512 1 513 1 541 1 543 1 545 2
offic 507 1 517 2 540 2
offici 513 2 550 1
offput 550 1
often 502 1 506 1 514 1 517 1 528 1 540 1
oftentim 506 1
oil 533 1
oilfir 520 1
okon 536 1
old 501 1 511 1 518 1 522 1 528 1 532 2 534 2 542 3 544 1
older 517 1 518 2 528 1
oldest 510 1
oliv 535 1
olivia 535 2
olymp 516 1
omissionseith 503 1
on 501 4 502 5 503 12 504 3 506 2 507 2 508 8 509 6 510 1 512 2 513 2 515 1 516 7 517 10 518 3 520 5 521 3 522 4 523 1 526 5 527 3 528 1 531 2 532 7 534 1 536 2 537 4 538 2 539 1 540 4 541 5 542 18 543 2 544 7 545 5 546 4 547 5 548 1 549 5 550 6
onc 502 1 509 2 522 1 537 2 541 1 543 4
one 501 4 502 3 503 1 508 3 509 2 510 1 511 1 512 1 513 1 516 1 517 1 518 2 520 2 522 6 524 2 526 1 527 1 531 1 532 1 537 4 539 1 540 1 542 4 543 2 544 1 545 2 549 6 550 1
oneadd 528 1
oneey 526 1
oneonon 545 2
oneway 513 3
onfeedback 539 1
ongo 550 1
onion 526 1
onli 509 9 512 1 518 1 522 1 532 2 534 1 536 2 537 3 543 1 544 1 547 3 548 1 549 3 550 1
onlin 502 1 503 1 509 1 510 1 531 1 545 1
onscreen 541 1
onset 540 2 544 1
ontario 549 2
ontarioyou 546 1
open 503 1 507 2 508 1 520 1 536 29 538 1 542 1
oper 503 1 509 2 520 2 532 2 540 1 543 2
opinion 508 1 518 1
opioid 510 2
oppon 547 1
opportun 543 1 545 2
opposit 522 1
optimum 549 1
option 508 2 510 2 511 1 515 3 540 1 543 1 549 3
optionsmor 544 1
or 501 5 502 6 503 17 505 2 506 2 507 2 509 11 511 1 512 1 514 4 515 1 516 1 517 8 518 9 520 3 522 2 524 2 527 1 528 1 530 2 531 5 532 1 533 2 535 2 536 2 537 2 539 3 540 6 541 4 542 2 544 8 545 9 547 8 548 5 549 4 550 8
oral 532 3
orang 547 4
orangutan 547 4
orb 527 1
orchid 547 1
order 502 1 512 2 517 1 538 1 547 3
ore 539 14
oregon 501 1
organ 502 3 503 1 504 7 509 1 517 1 549 4
origin 526 1 534 1 539 1 544 1 547 2
originheft 514 1
oryou 541 1
oryour 541 2
os 508 1
othel 526 1
other 501 1 502 2 503 1 504 1 507 2 508 3 509 5 511 1 515 1 518 2 521 1 522 3 524 1 531 1 532 1 537 1 539 1 540 1 541 1 543 2 544 5 547 4 549 1 550 4
othor 526 1
ou 544 1
ounc 501 2
our 503 8 506 4 507 10 508 1 509 37 527 2 529 1 533 1 537 3 538 1 545 7 547 1 550 1
out 501 1 502 4 503 6 508 4 509 1 515 1 516 1 517 4 522 8 523 1 527 5 528 1 530 2 534 1 539 1 540 2 541 1 542 1 544 1 545 1 546 1 547 2 549 1 550 1
outbreak 504 1
outdoor 517 4
outfit 505 1
outlook 547 1
outnumb 534 1
outpati 519 1 540 3
outsid 515 1 517 1 518 1 543 2 545 1
outstand 503 1
outward 515 1
outweigh 503 1 544 1
over 502 1 513 2 516 1 517 1 518 3 520 1 531 2 532 1 537 4 540 1 543 1 544 2 545 1 549 1 550 2
overact 506 1
overal 506 1 512 1 520 1 537 1
overdu 503 1
overhead 522 2
overload 503 1
overlook 537 1 550 1
overproduct 506 1
overst 503 1
overturn 530 1
ow 534 2
owe 503 3 548 1
own 501 2 502 2 509 2 511 1 518 2 528 2 543 1 544 1 546 1 549 3
owner 524 1
oxford 517 1
oxid 537 2 550 1
oxygen 516 1 531 1 537 56 547 2 548 1
ozon 517 1
p 510 1 521 4 533 2
pablo 511 2
pack 522 2 531 1
packag 509 1
packet 513 3
page 513 1 518 2 520 3 550 1
paia 520 1
paid 503 2
pain 501 1 506 1 510 1 532 2 539 2 540 2 544 1
paint 515 2
paintbal 539 1
painter 511 1
pakuakid 528 1
pallab 517 1
palm 533 1
palmar 540 1
palpit 506 1
pancrea 510 5
pancreozymin 510 1
panda 547 4
pane 536 1
paper 503 2 541 1
parasit 504 3
parathyroid 506 1
parent 501 1 511 1 512 1 537 1
pari 549 1
pariet 510 1
part 505 1 509 1 510 1 517 5 538 1 543 2 547 2
parti 509 1 526 1 549 1
partial 548 1
particip 509 1
particl 550 1
particular 502 1 517 4 522 1 528 1 530 1 540 1
partner 509 4 531 1 545 3
pass 522 1 530 1 537 1 540 2
passeng 507 1
passion 512 1
passiv 548 2
password 502 1 541 1
past 501 1 503 3 534 1 547 1 549 1
pastanaga 502 1
pastdu 503 2
pastur 509 1 547 2
patch 515 5
path 513 3
patienc 516 1
patient 501 1 521 1 540 7 544 1 548 6
paul 511 6 517 1
paus 522 1
pawarn 517 1
pay 503 9 516 1
payabl 503 1
paycheck 503 2
payment 503 17
paypal 523 3
payrol 503 11
pb 539 1
pc 508 1
pcdecemb 512 6
pcfree 512 1
pcpleas 512 1
peak 534 1
peanut 549 4
pectin 549 7
peel 549 1
peep 548 1
peer 524 3 545 1
pen 541 1
penalti 503 2 514 1
pencil 541 1
pend 523 1
pengi 535 1
pentanyloxycyclohexenecarboxyl 544 2
peopl 502 2 503 1 504 1 506 2 517 14 520 1 522 2 524 1 528 2 542 1 544 3 545 3 546 1 547 1 549 1
peptid 510 4
per 507 1 515 2 520 1 524 4 537 1 549 8
percent 537 2 547 1 549 3
percentag 506 1
percentil 524 4
perfect 522 1 549 1
perform 513 1 516 1 540 6
perhap 501 1
perimet 515 1
period 503 2 509 1
periton 537 1
permiss 543 1
perri 511 1
persever 516 1
person 503 1 507 2 509 2 514 1 519 1 524 1 537 3 540 1
pet 503 1
pete 516 1
peter 511 3 530 1
petersburg 545 1
petra 535 1
pf 513 1
pfitzing 516 1
phillip 530 1
philosophi 536 1
phone 508 1 520 1
phosphat 509 1
photo 516 1 518 1 519 1 531 1
photograph 511 1 537 1
photographi 501 1
physic 503 1 514 1 516 3 517 2 546 4
physiologist 516 1
picasso 511 1
pick 511 1 527 1 549 1
picker 511 1
pictur 503 1 517 1 537 1
piec 537 1
pierc 532 2
pierr 511 2
piet 511 2
pig 504 3
pigment 501 1
pill 544 1
pin 501 1 539 1
ping 513 1
pink 501 1 509 1
pinpoint 533 1
pinterest 505 1 549 1
pipe 550 1
pisiform 540 1
pit 501 3
pitch 518 19
pl 503 4
place 520 1 524 1 540 3 541 3 546 1 547 2 548 2
placebo 544 1
placement 518 1 541 9
plan 503 2 515 1 516 2 531 1 538 1
plane 531 1
planesandth 546 1
planet 527 1
plant 504 2 520 3 547 9
plaqu 521 1 537 1
platform 527 3 544 1
platformcom 543 1
platypi 547 1
play 506 1 508 2 510 1 512 1 527 1 550 1
player 517 9
playerdetermin 526 2
playstor 512 1
pleas 506 1 509 2 512 1 520 3 532 3 535 1
pleasur 507 1
plenti 511 1 512 1 537 1 544 1 545 2
pluck 526 1
plus 503 1 516 1 520 2 527 1 545 3
pm 527 13 538 1 539 3
pmpend 523 1
pocket 505 1
point 501 1 502 1 517 1 522 1 531 1 542 1 543 13 547 1
poison 537 1
poke 532 1
polici 531 1
poliomyel 548 2
polit 517 1
pollak 511 1
pollock 511 1
pollut 517 35 547 1
polski 526 1
polypeptid 510 1
ponchowrap 548 1
poor 517 1 520 3 538 1
pop 508 1 532 1
popul 504 8 524 18
popular 503 1 511 1 534 2 535 1
populationtot 524 1
port 531 2
portal 541 1
portion 501 1 514 1
pose 506 1
posit 503 3 509 2 522 1 531 1 538 1 540 1 548 4
positivepressur 548 1
possess 514 1
possibl 501 1 502 1 506 1 509 1 531 2 543 1 544 1 547 3
post 502 4 516 1 539 1 543 1 547 1 550 1
postapocalypt 527 1
potassium 549 1
potato 514 1
potenti 531 1 540 1
pound 501 1 516 2
pour 501 1
power 514 2 520 3 530 1
powerfulbig 514 1
practic 509 2 541 5 545 4 547 3
practition 542 1
prearriv 545 1
preclud 540 1
preconfigur 513 1
predatorprey 504 1
predict 521 2
predictor 521 1
predomin 534 1
prefab 518 1
prefer 540 2 543 1 550 1
pregnanc 511 2 531 9
pregnant 531 6 544 2
premeasur 501 1
premier 507 1
premium 514 1 532 2
preoper 540 1
prep 541 2 545 2
prepar 502 3 503 3 513 1 515 1 526 1 545 14
preparereview 503 1
prerequisit 541 1
presenc 506 1
present 512 2 524 1 527 2 550 1
preserv 509 1 549 3
presid 533 1
press 517 3 536 1
pressur 516 2 528 1 531 2 548 9 550 1
preterm 531 2
pretti 528 1 549 1 550 1
preval 537 1
prevent 531 3 536 1 539 1 540 2 544 6
preventionsolut 531 1
previous 510 1 540 1 543 1
prey 504 1
price 507 1 509 2 514 2
priest 542 1
primari 510 1 530 1 550 1
primarili 509 1 530 1
prime 515 1 517 1
primerfinish 515 1
princessbeauti 535 1
principl 509 1
print 515 1 529 1 531 1 550 1
printlink 501 1
prior 503 3 541 1
priorperiod 503 1
privat 507 1 536 1
prize 527 1
pro 539 5
probabl 503 1 527 1 528 1 549 1 550 2
probe 508 1
probiti 520 2
problem 503 1 506 1 517 3 519 1 531 1 532 2 536 1 537 3 541 2 550 2
problemadd 528 1
procedur 536 2 540 9
proceed 517 2
process 502 5 503 1 509 3 530 1 537 1 548 1
processor 509 1
proctor 541 3
prodcut 509 1
produc 502 1 506 1 509 6 510 2 531 1 533 1 537 1 544 1
product 502 4 503 1 509 11 518 1 537 7
productth 537 1
profession 507 4 518 2 531 1 537 1 545 2
professionalalway 518 1
profici 545 9
profil 513 1 519 1
profit 503 4 514 1 538 2
program 509 7 516 5 519 1 536 1 541 2 545 31
programm 517 1 536 5
programsunit 545 1
progress 541 1
prohibit 531 1
project 501 1 502 1 503 1 515 5
prolaps 531 1
prolong 540 1
prom 507 1
promin 507 1
promis 509 2 516 1
prompt 507 2
prone 547 1
pronounc 534 1
pronunci 534 2
proof 544 1 545 2
proper 503 1 509 2 531 1 535 1 541 1 544 1
properti 536 13
proport 517 1
prosper 547 1
protect 515 1 544 1 547 1 550 1
protein 510 1
protocol 509 3
prototyp 527 1
protozoa 537 1
prove 550 1
proven 521 1 522 1 537 1
provid 503 2 507 1 509 4 516 1 517 1 519 1 520 2 531 1 536 1 540 10 541 2 543 2 545 1 547 2
prows 517 1
prunus 501 1
ps 527 2 530 1
psv 548 5
public 517 2 531 1 532 2 550 2
publish 514 4 527 1 538 1 544 1
pull 502 2 527 1 547 1 550 1
pulmonari 531 1
pulp 549 1
pump 539 2
purchas 509 1 515 1 523 3 537 2
purdu 531 1
pure 537 1 549 5
purpos 521 1 545 6
pursu 545 2
pus 532 1
push 522 1
put 522 1 527 1 540 1 549 1
putrefi 537 1
puunen 520 1
puzzler 527 2
pyke 526 1
pypar 526 1
qa 523 1
qaabout 519 1
qhorin 526 1
qrtrs 524 1
qti 515 1
quad 539 5
qualifi 541 1
qualiti 509 5 517 3 518 1 527 1 535 1 550 2
quantifi 521 1
quarter 501 2 503 7
queenedit 535 1
queensgat 526 1
queri 513 1 520 1
quest 527 1
question 503 1 506 1 509 3 512 1 528 1 532 5 537 1 541 1
quick 503 4 507 1 516 1 531 1 540 3 545 2
quicker 539 1
quicktose 511 1
quit 513 1 518 1
quot 539 1
quotein 544 1
r 513 1 516 1 521 3
raade 533 1
rabbi 542 1
race 517 1 524 2
raceethn 524 1
radial 540 3
radialhalf 540 1
radiat 531 1
radio 517 1
radius 540 1
rafflesia 547 1
raid 508 3
rainbow 527 1
rainforest 547 9
rainier 501 1
rais 509 2 528 8
raisedadd 528 1
rancer 526 1
ranch 509 4
rancher 509 3
random 509 1 524 1
randyrobinson 528 1
rang 507 1 529 1
ranger 526 2
rank 524 6 534 2
raphael 511 1
raphaella 511 1
rapid 502 1 540 2
rare 532 1
rase 528 1
raspberri 549 1
rast 526 1
rate 503 2 507 1 510 1 512 2 520 1 524 1 529 2 547 3 548 3
rather 501 1 539 1 544 1
ratio 501 2 524 3 549 1
rauschenberg 511 1
raw 502 1 509 2
ray 511 2
rayder 526 1
razor 532 1
rd 524 1 539 1
re 510 1 532 1
reach 509 1 517 5
react 532 1
reaction 509 1 528 1 544 1
reactionalway 532 1
read 503 3 508 1 517 1 518 2 532 2 536 1 543 1 544 1 545 2 550 1
readi 505 1 507 1 515 1
readili 531 1
readon 536 1
readwrit 536 1
real 513 1 518 1 522 1 530 1 545 1
realist 503 1 513 1 533 2
realiz 549 1
realli 502 2 503 1 512 2 517 1 549 2 550 1
realworld 536 1
reappropri 547 1
reason 503 2 509 1 517 1 520 2 532 1 547 1
rebecca 511 2
rebroadcast 527 1
recal 509 4
recalcul 515 1
recap 522 1
receipt 503 6
receiv 503 8 509 6 513 1 514 1 523 1 544 1
recent 501 1 503 1 509 3 510 1 517 1 527 2 528 1 532 1 538 1 548 1 550 1
reciev 509 1
recip 501 1 549 1
recogn 506 1
recoil 548 1
recommend 501 1 502 1 503 1 512 1 537 1 539 1 544 2 545 1
recommendedforal 544 1
reconcil 503 2
record 503 6 509 1 517 3 522 2 523 1 536 7
recov 516 1 544 1
recoveri 519 1
recoveryincabout 519 1
recoveryincfollow 519 1
recoveryinclsa 519 1
recruit 526 1
red 501 3 504 1 505 1 528 1 537 4 549 1 550 1
redlin 539 1
redon 528 1
reduc 501 2 516 1 517 8 544 1 547 1 548 2
reduct 537 1 540 1
refer 502 1 503 1 506 1 509 1 513 2 516 1 531 1 536 2 542 1 543 3
referenc 543 1
refil 540 1
refin 535 1
reforest 547 2
refund 509 1
refus 544 2
regan 546 1
regard 506 1 532 1 540 1 544 1
regim 537 1
regimen 516 1
region 529 1 540 6 546 1
regist 516 1 541 2
registerusernamepasswordconfirmemai 502 1
registr 541 1
regul 506 1 510 1 550 5
regular 503 2 507 1 509 1 516 3 522 1 537 1 545 1 549 1 550 1
reinforc 545 1
relat 502 4 503 1 504 1 514 1 515 1 516 1 518 1 521 1 532 1 534 1 538 1 547 1 550 2
relationship 503 1 504 1 516 1 537 1
relax 505 2
releas 510 10 527 2 537 1 544 2 547 2
relev 510 1
reli 504 1
reliabl 507 2 540 1
relief 540 1
reliev 517 2
religion 542 1
remain 503 1 516 1
remark 536 1
remedi 531 1 532 1
rememb 537 1
remind 503 1
remodel 518 2
remov 502 3 509 1 532 16 539 1 540 1 547 5 550 2
remud 515 1
ren 511 1
renam 513 1
rene 511 1
renegad 522 3
renoir 511 1
renter 524 1
reorder 503 1
rep 522 2
repair 515 12
replac 518 2 548 1
report 503 12 517 1 529 2 544 5 550 2
repres 506 1 524 1 529 1 530 1 536 1
reproduct 504 1
reptil 547 1
repurpos 547 2
request 513 1
requir 503 8 508 1 513 1 515 2 518 3 519 1 531 2 537 1 540 2 541 6 545 3 548 1 550 1
resal 518 1
research 537 4 544 2
reserv 503 1 514 2
resevoir 533 1
resid 520 1 524 1
residenti 520 1
residu 509 3 510 1
resolv 520 1 532 1
resourc 516 1
respect 510 1 521 1
respiratori 517 1 548 1
respond 513 3 532 1
respons 510 1 513 9 518 2 528 1 530 18 547 1 548 1
rest 501 1 539 2 540 1 542 1 544 1
restaur 501 1 509 1
restrict 509 2 548 1
result 501 2 502 1 503 1 506 2 516 2 521 1 528 1 531 1 532 1 538 1 545 2 547 2 548 1
retail 509 3 529 5
retain 547 1
retriev 513 2
retrospect 521 1 548 1
return 503 2 517 3 538 1 548 1
reusabl 543 2
reuter 517 1
revenu 503 2
revers 522 1
review 503 19 509 1 512 1 519 1 521 1 527 1
revis 503 1
revolutionari 537 1
reygin 535 2
rhino 547 3
ribbon 505 1
rice 501 1
richard 520 1
rid 516 1 532 2 550 2
ride 507 1
rider 509 1
right 501 1 503 1 514 2 516 1 528 1 532 2 546 1 550 1
righteous 542 1
rigid 539 1
ring 516 1 540 2
ripe 549 1
rise 518 2 534 1
risk 506 1 516 1 517 4 521 6 531 1 540 2 544 1
riski 531 1
river 526 1 533 29 550 1
rivera 511 1
rivernil 533 1
ro 535 1
road 514 1 517 2 531 1
rob 537 1
robber 537 1
robert 511 4
robertson 511 1
robust 509 1
roch 544 7
rodin 511 1
roger 517 3
role 506 1 510 1 547 1 550 1
roleplay 527 1
roll 515 1
roof 518 61
roofcom 518 1
roofer 518 2
roofroof 518 1
room 501 1
root 504 1 534 1 547 1
rosa 511 2
rose 526 1 538 1
rosi 501 1
rosseau 511 1
rot 537 1
rotat 522 3
rothko 511 1
rotor 539 4
rough 518 1 532 1 546 2
round 513 1 522 2 539 1
roundworm 504 1
rout 513 1 531 1
router 513 1
routin 516 1 540 1
rove 502 1
row 517 1 522 3
roy 511 2
royal 504 1
royc 526 1
rpg 527 1
rrsaminoacetamido 544 2
rss 513 1
rtr 513 5
rtv 550 1
rubber 540 1
ruben 511 2
rug 514 1
rule 531 2
run 502 1 503 4 508 1 513 2 516 1 536 1 549 1
rural 517 1
rush 544 1
rust 550 7
rustcolor 550 1
ryan 509 14 516 1
rykker 526 1
s 502 2 503 4 509 2 510 1 515 1 526 1 530 1 532 1 533 2 534 1 538 1 544 1
saa 513 2
sac 510 1
safe 507 2 509 6 531 2 540 3 550 1
safest 520 1
safeti 509 9 520 1 531 1 544 1
sahara 517 5
saharan 517 1
said 517 13 523 1 531 1 538 1 544 1
saint 546 1
salari 514 1 519 1
sale 503 4 529 3 538 1
salina 530 1
salli 511 2
salt 537 2
salvador 511 2
sam 526 1
same 502 2 503 1 504 2 509 2 518 1 524 1 532 1 535 2 537 2 542 1 543 1 544 2 546 1 547 1
sampl 536 1
samwel 526 1
san 527 1
sand 515 2 532 1
sandwich 549 3
sargent 511 1
sat 541 1
satisfactori 541 1
satisfi 507 1
sauc 549 1
save 503 3 516 1 518 1 529 1
saw 527 1 542 1
say 517 2 527 1 532 3 538 2 542 6 544 3 549 1
sba 503 1
scab 528 2
scale 517 1 521 1 524 1 547 1 550 1
scan 503 1 506 1 532 2
scar 528 3
scare 532 1
schedul 503 1
schnabel 511 1
school 522 1 530 1 545 2
scienc 504 2 509 1 516 1 537 1
scientist 544 1 547 2
scope 532 1
score 512 1 521 9 541 6
scorpia 530 1
screen 508 1
sea 505 1 542 1
seainspir 505 1
seam 515 1
sear 538 7
search 520 2 543 2 544 1
season 501 2 526 4 534 1
seat 531 2
second 502 1 522 2 531 1 532 1 533 1 549 1 550 1
secondari 550 6
secret 510 3
secretin 510 3
section 548 1
secur 503 1 527 1
sedat 540 4
sediment 550 1
see 501 1 503 4 506 1 508 3 511 2 514 1 516 2 518 3 522 2 526 1 527 1 534 1 536 1 537 1 543 1 544 1 547 1 549 1 550 4
seek 519 1 520 1
seem 526 1 539 2 542 1 544 1
seema 510 1
seen 526 1 542 1 544 1 547 1
seep 550 1
segal 511 1
segment 510 1
select 508 6 509 1 540 3 543 1 544 1
selfmanag 516 1
sell 503 1 547 1
sellpastanaga 502 1
semi 545 1
semiintens 545 3
semimonth 503 2
senat 533 1
send 503 4 508 11 520 1
senior 507 1 542 1
sens 513 1 549 1
sensat 540 1
sensit 528 1
sensori 540 1
sent 503 2 542 1
sep 539 1
separ 503 2 509 1 537 1
septicemia 537 1
ser 526 4
seraphima 511 2
seri 502 2 505 2 508 2
serious 503 1 517 2 528 1 531 1
serum 532 1
serv 514 1 520 2 526 2 533 1
server 543 2
servic 503 3 507 11 508 1 513 3 517 1 518 1 519 1 520 3 529 1 540 1 543 8
session 517 1
set 503 1 507 1 515 1 536 7 540 2 541 1 543 1 545 1 548 3 550 3
settl 537 1 549 1
setup 515 1
seurat 511 1
seven 517 1 527 1
seventeenth 542 1
seventh 542 1
sever 509 2 512 1 517 1 521 5 537 1 538 1 540 1 547 1
sex 521 2
sf 515 1
shade 505 1
shadow 526 1
shake 501 2
shakespear 535 1
shallow 537 1
shannon 533 1
shape 522 1 537 1 539 1
share 508 1 509 1 538 2 543 14 544 1 549 3 550 1
shareshar 516 1
she 514 1 517 1 532 1
sheen 515 1
sheet 503 7 518 1
sheetrock 515 1
shelf 501 1
shell 505 1
shelter 547 2
shelv 527 1
sherman 511 1
sherri 544 1
shingl 518 16
ship 509 1
shippin 527 2
shirt 505 1
shop 512 10 547 1
shormon 510 1
short 502 2 503 1
shortterm 545 1
shot 508 1 530 1
should 503 1 509 3 512 1 516 2 517 10 518 3 528 2 531 1 544 2
shoulder 522 1 532 2
show 503 1 505 1 509 1 517 1 526 1 532 3 536 1 537 4 544 2 547 3 548 1
showbiographi 526 1
shower 550 1
showerhead 550 1
shown 501 1 508 2 544 1
shpock 512 1
shrink 547 1
shttpenwikipediaorgwikigastrinhttp 510 1
shutter 538 1
sick 509 3 531 1 532 1
sicker 544 2
side 503 2 522 2 532 3 540 2 544 2
sidekick 550 1
sigatoka 533 1
sign 503 2 514 1 544 1 550 1
signifi 506 1
signific 503 2 517 2 531 1 548 1
silki 502 1
similar 508 3 517 1 540 1 543 1
simmer 549 1
simpl 502 1 503 1 507 1 518 2 522 2 535 1 537 1 540 3 549 1
simplest 540 1
simpli 549 2
simplic 540 1
sinc 501 1 503 1 509 1 534 1 537 1 538 1 550 1
singer 511 1
singl 517 1 522 1 537 1
singlebarrel 501 1
singleton 511 1
sink 528 1 538 1 550 2
sit 539 1 549 2
site 510 1 515 1 540 5 543 2
situat 506 1 535 1
six 516 1 517 1 531 1
size 512 1 514 1 515 4 524 2
skill 541 1 545 14
skin 528 4 532 1 550 1
skip 503 1
skull 532 1
skyscrap 546 1
sla 513 9
slate 527 1
slavic 534 1
sleep 540 1
slide 537 5
slight 501 1 532 1 539 1
slime 509 1
sliver 502 2
slower 503 1
slowli 503 1 540 1 549 2
slugger 527 1
small 501 3 503 4 506 2 507 1 510 4 522 1 526 1 527 1 532 1 540 2 546 1 549 1 550 1
smallfolk 526 1
smartphon 512 1
smell 550 1
smith 511 1 549 1
smitti 526 1
smoke 537 1
smoki 501 1
smooth 502 1 515 1 549 1
smucker 549 2
snack 501 1 516 1
snanat 513 1
sniper 539 2
snow 526 3
so 501 2 502 1 503 3 505 1 509 1 517 1 518 1 522 1 523 1 532 3 537 2 538 1 544 3 547 3 549 2 550 1
soak 501 5
social 503 1 545 1
sodium 509 1 537 2
soft 502 1 540 1
soften 550 3
softwar 503 4 518 2 545 1
soil 547 4
solar 518 1
sold 503 1
solid 512 1
solomon 511 1
solut 532 1 536 1 537 2 543 4 547 2
some 501 3 502 2 505 3 509 1 513 2 514 1 523 1 526 1 527 1 528 2 531 2 532 1 535 1 537 3 538 1 539 2 547 6 549 1 550 2
someon 527 1
someth 501 1 502 1 509 1 528 1
sometim 509 1 532 1 534 1 537 1 547 3 550 1
somewhat 542 1 546 1
son 532 1
song 526 1 549 1
sonia 511 2
soon 522 1 544 1
sophist 513 1
sorbat 549 1
sore 517 3
sort 502 1 503 3 513 1 535 1
sought 521 1
sound 518 1 534 1
sour 533 1 549 1
sourc 504 2 505 1 509 1 510 1 513 1 516 1 529 1 533 3 536 1 543 2 547 1 550 1
sourcejelli 549 1
south 509 1 517 1 526 1 546 1 547 1
southampton 546 2
southeast 517 1
southern 517 1 545 1
southwest 509 1
soutin 511 1
space 508 1 512 2 518 2 522 1 547 1
span 518 2
spandex 502 1
spanish 534 4
spate 527 1
speak 545 3
speaker 545 1
speci 547 6
special 507 2 539 2
specif 506 1 509 1 513 1 536 2 540 2 544 1 550 1
specifi 509 1 515 1 518 1 536 2
speed 516 1
spencer 511 1
spend 503 4 509 1 522 1 527 1 537 1 542 1
spent 503 1
spice 501 1
spin 502 8
spinal 532 2 540 1
spiral 538 1
spirit 501 2
spiritu 542 1
splash 501 1
spoilag 509 1
spoiler 526 1
spokeswoman 517 1
sponser 520 1
sponsor 539 1
spontan 548 5
spool 539 2
spoon 549 1
spot 503 1 515 1 527 5
spread 549 14
spreadsheet 518 2
spreckel 520 1
spring 505 1 527 2
sprung 527 1
spun 502 2
spur 537 1
squar 505 1 518 5 524 1 527 1
squirrel 504 2
squish 539 4
st 524 1 543 1 545 1 547 1
stabil 522 1 537 10
stabilis 537 3
stabl 548 2
staff 507 2
stage 513 1
stain 550 9
stainsjust 550 1
stalk 527 1
standard 507 1 509 2 539 1 545 1 550 5
stapl 503 1 547 2
star 503 1 535 1
starfish 505 1
stark 526 1
start 501 2 503 2 505 1 509 3 512 1 515 1 516 2 522 4 528 2 529 1 544 2
starv 537 1
stat 538 1
state 501 1 502 1 503 6 517 1 520 3 529 1 533 1 537 3 544 1 545 13 546 1 547 1 549 1
statement 503 10 538 1 544 1
stateoftheart 507 1
statist 541 1
status 503 1 526 1
stay 508 1 526 1 527 1 542 7 544 1 549 1
steak 509 1
steen 511 1
steep 518 1
steeper 518 3
stella 511 1
stenosiswil 532 1
step 502 1 508 3 509 1 520 1
steven 511 1
stevia 549 1
stew 526 1
steward 526 4
stick 513 1 516 2 537 1 539 1
sticker 508 25
stickersshar 508 1
still 522 1 526 1 528 1 544 2 545 3 548 1 549 2
stimul 510 5 537 1
stinki 550 1
stiv 526 1
stock 538 1 539 2
stomach 510 2 522 1 544 1
stone 501 1 532 2 537 1
stonesnak 526 1
stonewal 549 2
stop 508 1
stor 549 1
storag 508 1 512 1
store 508 1 509 2 512 2 527 1 537 1 538 4 543 4 549 1
stori 542 3 543 1 544 1 550 1
stormsurg 530 1
stormtroop 539 2
stout 514 1
stove 517 1
str 536 4
straight 507 1 522 1
strategi 545 1
strawberri 549 11
stream 550 1
streamlin 503 1
street 520 1 527 1
strength 502 2 514 1 516 1 522 2
strengthen 516 1 545 1
strenuous 517 3
stress 537 1
stressfre 509 1
stretch 507 2
strict 509 5 530 1 550 1
strike 518 1 527 1
string 536 3
stringent 509 1
strip 522 1
stroke 521 5
strong 514 2 521 1
strung 502 1
stuart 511 3
stubborn 522 1
stuck 537 1
student 541 7 545 14
studi 504 1 542 1 544 2 545 14 548 2 549 1
studio 543 2
stuff 549 1
stun 538 1
sturdi 514 1
style 505 1 507 1
stylish 505 6 527 1
styliz 527 1
styloid 540 1
sub 508 1 536 6
subatmospher 548 1
subcontractor 518 1
subcutan 540 1
subdivis 524 1
subject 548 1
subsid 542 2
subsidiari 520 3
subsist 547 1
substanc 519 1 540 1
substanti 514 1
substitut 544 1
subtl 501 1
suburb 546 1
suburban 547 1
success 512 1 545 2 548 1
such 503 1 508 2 509 2 512 1 517 3 522 2 526 1 530 1 531 1 536 3 543 2
sucralos 549 1
suffer 517 2 531 2
suffix 543 1
sugar 501 3 520 1 537 2 544 1 549 37
sugarboog 528 1
sugarcan 547 2
sugarfre 549 1
sugarso 549 1
sugartweet 501 1
suggest 501 2 510 1 522 1 531 2 532 1
suit 505 6 507 1 525 1
sulfur 549 1
sulphur 517 1
sum 514 1 527 1
summari 503 1 512 1 518 1 547 1
summer 527 2 545 3
sun 527 1 545 2
sunlight 505 1
sunni 545 1
sunris 501 1
super 527 1 539 1
superb 507 1 512 1
supercharg 501 1
superfici 532 1
superfruit 549 1
superintens 545 7
superl 514 1
superstarmak 549 1
supervis 519 1
supper 526 1
supplement 516 1 537 3
supplementari 513 1
suppli 504 1 509 2 515 2 537 1 540 3 547 1 548 1
supplier 503 2 518 1 520 1
suppliesnot 550 1
support 504 1 522 2 543 1 545 2 547 1 548 1
suppos 536 1
suppress 510 1
suprachiasmat 510 1
suprem 530 1
sure 501 2 503 7 509 2 517 1 518 2 522 2 533 1 542 1 544 1 550 1
suresh 508 1
surfac 515 2 540 1
surgeon 532 2 540 1
surgeri 532 3 540 6
surgic 532 1 540 6
surpris 513 1 547 1
surrog 521 1
surround 515 1 518 1 520 1 545 7 548 1
susan 511 2
suspend 531 1
sustain 547 2
suv 507 2
swallow 506 1
sweet 501 6
sweeten 501 2 549 4
sweeter 501 1
sweetlowsugar 549 1
swell 506 2 528 1 532 1 544 1
swift 535 1
swing 522 8
switch 513 4 522 4
swollen 506 1
sword 526 1 527 1
sxs 502 1
sydney 545 1
syll 534 1
symptom 506 1 517 4 544 3
synonym 514 1
synopsi 537 1
syntaxexpress 536 1
synthesis 510 1
syrup 549 1
system 503 1 509 3 510 1 537 4 540 2 550 7
t 501 2 532 1 537 1 544 1 546 1
tab 517 3
tabl 524 1 537 1
tablespoon 549 9
tackl 517 1
tactic 547 1
tafe 545 1
tag 514 1 544 1
tagshard 550 1
take 501 1 503 2 505 1 511 1 516 6 517 2 522 1 526 1 527 2 528 1 537 6 540 1 541 16 542 1 544 11 545 3 547 3 550 1
taken 501 1 508 1 512 1 517 1 523 1 532 1 537 2 544 2 550 1
tale 527 1
tall 514 1
tami 544 2
tamiflu 544 24
tank 503 1
tanner 526 1
tap 537 1 550 2
tape 515 2
tar 526 1
target 517 1
targeticmpecho 513 1
task 503 6 515 1 521 1
tast 501 3 550 4
tasteless 537 1
tasti 526 1
tat 528 1
tatto 528 1
tattoo 528 14
tax 503 22
tcp 513 1
tdp 524 2
tdptotal 524 1
tea 531 1
teach 542 1
team 530 1
teas 527 1
technic 544 1
techniqu 506 1 537 1 540 14 548 1
technolog 507 1
teen 549 1
teenag 537 1 544 1
tell 503 1 520 3 537 1 542 1 544 1
temperatur 501 1 509 3
templat 503 4 543 1
temporarilyadd 528 1
tempt 516 1
tend 502 1 550 1
tendenc 531 1
tender 509 11
tenpenni 544 1
tensil 502 1
tenth 542 1
term 502 1 503 2 504 1 529 1 543 1 549 1
tesi 518 1
test 501 1 506 1 509 5 513 4 521 1 522 1 537 1 541 2 545 8 547 1 550 2
testament 542 2
testtak 545 2
texa 509 3
text 508 2 513 1 520 1
textbook 545 1
textil 502 2
textur 509 2
th 524 4 531 5 542 4
than 501 1 503 1 504 1 509 4 516 3 518 2 521 1 522 2 524 3 527 1 528 1 531 1 534 1 537 2 538 1 539 4 541 1 542 1 544 5 545 1 547 3 550 2
thank 501 1 532 2 535 1 549 1
that 501 7 502 10 503 14 504 7 506 5 507 2 508 1 509 17 510 4 512 2 513 2 515 1 516 2 517 7 518 11 519 1 520 2 521 1 522 11 523 2 524 3 526 2 527 1 528 5 530 3 531 5 532 5 534 2 535 3 536 4 537 8 538 2 539 1 541 1 542 9 543 5 544 12 545 4 546 2 547 14 548 4 549 11 550 6
the 501 34 502 40 503 49 504 16 505 3 506 17 507 7 508 21 509 64 510 30 511 2 512 8 513 12 514 4 515 6 516 15 517 59 518 48 519 1 520 30 521 3 522 60 523 6 524 17 526 38 527 18 528 9 530 39 531 40 532 17 533 27 534 22 535 21 536 39 537 68 538 9 539 22 540 83 541 12 542 68 543 43 544 55 545 47 546 32 547 56 548 20 549 24 550 24
their 501 3 502 1 509 4 512 2 517 4 518 6 520 1 522 1 526 1 531 3 537 2 541 1 543 1 544 1 545 5 547 5 549 3 550 1
them 501 1 502 1 503 7 509 1 512 1 517 1 520 1 522 3 526 3 527 1 532 4 537 4 539 4 544 2 547 2 550 2
theme 505 2
then 501 1 502 1 517 1 524 1 528 1 531 1 532 2 534 1 536 4 539 1 540 6 548 1
theolog 535 1
therapi 532 2 544 2
there 505 1 506 1 507 1 509 2 512 2 517 1 518 1 521 1 527 1 530 2 531 2 532 6 537 4 540 3 542 2 543 4 544 1 546 2 547 1 548 1 549 2
therefor 504 1 512 1
theresa 511 2
these 502 2 503 1 509 3 510 1 511 1 517 1 520 1 522 4 531 3 532 1 537 2 538 1 539 1 540 1 541 1 544 1 545 2 547 5
they 502 1 503 2 509 6 512 1 513 1 514 1 517 7 518 3 522 1 530 2 532 3 537 1 539 6 540 1 544 3 545 1 547 6 549 4 550 1
theyll 550 1
theyr 549 1 550 2
thick 502 1 517 1
thicken 549 2
thing 501 1 503 1 516 1 528 1 535 1 537 1 549 1
think 501 2 502 2 503 1 517 1 518 2 522 1 537 1 547 1 549 1
thinkingpink 535 1
third 509 1 531 3
this 501 2 502 2 503 8 504 3 506 4 508 5 509 6 510 1 511 2 512 1 513 1 516 1 517 3 518 4 520 1 522 5 527 5 528 5 529 3 530 2 531 4 532 5 534 1 536 4 537 5 538 1 539 1 540 8 541 1 542 2 543 2 544 5 545 2 546 7 547 2 549 8 550 1
thoma 511 3
thorax 548 1
thorn 526 2
thorough 509 1
those 501 1 503 1 506 1 509 2 516 1 517 2 518 1 522 6 531 1 537 1 540 1 544 5 547 1 550 2
though 512 1 518 1 521 2 522 1 528 1 530 1
thoughtsweek 532 1
thousand 520 1 522 2 537 1
thq 527 1
thread 502 5
threat 517 1
three 501 1 503 1 516 2 530 2 540 2 544 1 546 1
threefing 526 1
threesess 545 1
thrive 503 1
throat 506 2 517 2 532 2
thrombosi 531 1
through 503 1 507 1 508 1 532 2 537 1 540 4 541 1 543 3 545 3 547 2 548 1
throughout 509 1 516 1 522 1 537 1 550 1
throw 522 1
thru 530 1
thumb 540 3
thursday 517 1 538 1
thus 521 1
thyroid 506 31
tick 517 1
tidal 548 1
tiger 527 1 533 2 547 1
tight 522 1
tighter 539 2
timber 547 3
time 501 1 502 1 503 14 505 1 507 2 509 1 512 1 513 11 516 2 517 2 518 1 522 4 527 2 528 1 531 3 534 1 537 1 538 1 540 1 541 1 542 1 544 4 545 4 548 1
timeadd 528 1
timeback 509 1
timelin 503 1
tint 550 1
tip 516 2 518 1
tire 532 1 537 1
tired 531 1
tissu 506 1 509 1 516 1 528 3 537 2 540 3 544 1
titl 513 1
tlcmayo 516 1
tm 545 1
to 501 26 502 20 503 82 504 1 505 5 506 5 507 12 508 15 509 46 510 8 511 4 512 8 513 3 514 2 515 9 516 33 517 36 518 18 519 1 520 11 521 5 522 25 524 8 526 6 527 2 528 12 529 2 530 7 531 14 532 18 533 3 534 2 535 3 536 19 537 33 538 7 539 10 540 23 541 16 542 12 543 17 544 18 545 31 546 24 547 41 548 17 549 12 550 17
toad 526 1
tobrac 522 1
today 517 1 523 1 531 2 537 1
todd 501 1
toefl 545 6
toeic 545 1
togeth 509 1 516 1 520 1 527 1 537 2 543 1
toilet 550 2
told 505 1 517 1 532 4 542 1 544 3
toler 510 1 540 1
toll 520 2 550 1
tollett 526 2
ton 512 1
tong 532 1
tonylevin 546 1
too 501 1 503 1 508 1 516 2 517 1 528 1 531 1 537 1 548 1 550 4
toobut 503 1
took 517 1 538 1 544 1
tool 503 2 522 1 524 1 543 1
tooth 501 1
top 503 1 509 12 515 1 518 1 522 1 527 1 532 1 540 1 542 1
topic 502 1 509 1 511 1 513 1 541 1
torso 522 2
tos 508 2
toss 503 1
total 515 1 520 1 522 1 524 4 539 2 542 1 548 1
touch 502 1 512 1 522 1
tourniquet 540 3
toward 518 1 531 1 535 1 541 1
towel 502 2
tower 526 1
town 507 2 520 1
toxic 537 1 544 1
trace 501 1
track 503 1 547 1
tract 504 1 537 1
trade 529 1 549 1
tradeoff 518 1
tradit 505 1 534 1
traffic 513 2 517 3
train 507 1 517 1 522 3 531 1
transact 503 6 523 1
transfer 502 2 541 1 543 1
transform 522 1 538 1
translat 503 1 535 1
transpar 509 1
transport 507 7 517 1 531 1
travel 503 1 509 1 518 1 531 15 546 1
treat 502 1 509 1 532 1 535 1 544 4 550 1
treatment 519 1 532 2 537 1 544 2 548 1 550 2
treatmentinduc 506 1
tree 501 1 535 1 542 1 547 15
tri 501 1 503 1 512 1 516 1 522 2 537 1 539 2
trial 529 1 544 2
trigger 548 3
triglycerid 501 1
trimest 531 5
trip 513 1 531 2
trippleas 507 1
tropic 505 2 547 3
troubl 503 2
trritori 530 1
true 509 1 531 1 536 4 537 1
truli 509 1 513 1
trunk 547 1
truss 518 2
tube 546 1
tuesday 517 2
tular 501 1
tune 508 1
tunnel 540 2
turkey 549 1
turn 501 1 502 1 522 1 528 1
tutori 508 1
tuttl 526 1
tweed 505 1
tweet 516 1 543 1
twelfth 535 1
twenti 532 1
twice 518 1 537 2 549 1
twist 502 1 522 1 539 1
twitter 517 1 520 1 549 1
two 501 1 506 2 520 2 524 2 526 1 527 1 528 1 540 3 542 1 543 2 544 2 545 1 546 1 547 1
twoa 544 1
twombl 511 1
twothird 517 1
twotim 516 1
type 506 3 513 2 516 1 517 1 518 1 532 1 543 23 547 1 549 1 550 1
typic 506 1 515 1 539 3 549 1
u 503 1 509 2 530 1 538 1 544 1
udp 513 2
uk 517 6
ukdr 517 1
ulnar 540 3
ultim 503 1 534 1 548 1
ultrasound 506 1 532 1
umberto 511 2
umbil 531 1
unaffect 531 1
unapprov 541 1
unassignedcurr 526 3
uncheck 547 1
uncommon 528 1
unconstitut 530 1
uncontrol 548 1
uncov 544 1
under 503 2 513 2 514 1 523 1 528 1 532 2 550 1
underact 506 1
underground 546 1
underpay 503 1
underproduct 506 1
understand 502 1 503 1 509 1 517 1 518 1
undertow 527 1
undeserv 535 1
undiscoveri 527 1
unenhanc 521 1
unfair 538 1
unfortun 508 1 547 1 549 1
unhealthi 537 1
uniqu 537 1 545 1 547 1
unit 502 1 520 3 524 2 529 1 537 1 545 11 546 2 547 2
univari 521 2
univers 517 1 531 1 545 11
unknown 521 1 526 1
unless 503 1 518 1 531 1 532 1 544 1
unload 548 3
unlock 543 1
unmerit 535 1
unoxygen 537 1
unpaid 503 2
unprofit 538 1
unsanitari 531 1
unsel 503 1
unsweeten 501 1 549 1
until 522 1 532 1 542 1 549 2
unus 515 1
up 501 4 502 1 503 3 505 1 508 1 509 1 512 1 514 1 515 1 516 2 518 1 522 1 526 2 528 12 532 3 541 1 542 1 547 5
upcom 503 1 527 2
updat 505 1 508 2 511 1 512 4 515 2 519 1 527 1 536 2 543 2
upon 540 2 544 1
upper 522 1 540 6
upright 522 1
upsid 522 1
urban 547 1
us 508 2 509 3 512 1 517 1 520 2 525 1 529 2 537 1 544 1
usa 509 4 531 2
usaachiev 545 1
usaassess 545 1
usabl 539 1
usadevelop 545 1
usaenrich 545 1
usag 514 1 534 2 550 1
usaimprov 545 1
usaincreas 545 1
usalearn 545 3
usamalibu 545 1
usaour 545 1
usatak 545 1
usath 545 4
usathi 545 3
usayoung 545 2
usda 509 9
use 501 2 502 6 503 6 504 1 505 1 506 2 508 4 509 5 513 2 514 1 517 2 518 2 521 2 522 2 524 2 528 3 531 1 532 1 533 1 534 6 536 10 537 2 539 5 540 9 541 3 542 3 543 11 544 1 545 3 546 3 547 8 548 5 549 3 550 1
user 508 1 512 1 520 1 536 1 543 1
usernam 541 1
usual 502 1 503 1 517 1 531 1 532 1 539 2 550 1
uswhat 508 1
util 540 4
utmost 509 1
v 526 1 539 4
vacant 524 1
vacat 545 3
vaccin 544 5
vacuum 509 1
vader 539 2
valid 536 1 541 2
valu 503 1 509 1 518 1 524 3
valuabl 508 1 522 1 537 1 545 1
valv 532 2 539 2
van 507 2 511 1
vancouv 545 2
vanquish 539 2
vari 516 2
variabl 524 1 536 1
varianc 503 1
variant 534 2 536 1
varieti 519 1 540 1 545 1
various 506 2 512 1 531 1 540 3
vasoact 510 1
vast 517 2
vayphotodiscgetti 516 1
vb 536 2
ve 532 1
veget 502 1
vehicl 507 2
vein 531 2 540 3
vendor 503 7
venison 526 1
venous 540 2
ventil 516 1 518 2 548 11
ventilationtyp 548 1
veri 502 2 506 1 508 1 509 1 513 1 517 3 518 3 520 3 524 1 526 1 531 1 546 2
vermeer 511 1
vermouth 501 1
vers 542 3
version 501 2 512 2 513 2 527 1
vertic 502 1
vesperia 527 1
veto 530 1
via 510 1
viber 508 1
video 511 2 522 3 527 1 544 1
vietnam 547 1
view 503 1 512 6 529 3 536 1
vinaigrett 549 1
vincent 511 2
vinci 511 1
vinegar 549 2
vintag 505 1
vip 507 1 510 1
viper 526 1
vipfollow 510 1
vipsourc 510 1
virtu 539 1
virtual 523 2 537 2
virus 537 1
visibl 517 1
visit 520 1
visual 503 1 536 1 543 2
vital 517 1 537 1
vitamin 537 1
viton 539 6
vitonwhat 539 1
vocat 545 1
volga 533 1
volt 520 1
volum 502 2 503 2 507 1 548 1
voluntari 531 1 550 1
voluntarili 509 1
vomit 544 5
vorkoy 526 1
vote 527 1 528 10 542 1 546 1
votesdownload 508 1
vpn 510 1
vs 503 4 539 2
vt 548 3
vulagi 542 1
w 503 2 533 1
wailuku 520 1
wait 501 2 541 1
wale 517 1
walk 526 1 527 1
walker 511 1
wall 526 5 548 2
wallen 526 1
wang 533 1
want 501 4 503 2 508 1 509 1 517 1 518 2 522 3 532 1 533 1 536 1 545 2
war 504 1 547 2
ward 527 1
warfar 527 1
warhol 511 1
warm 547 1
warn 517 11 526 1 531 1
warp 502 2
warrant 518 2
warranti 518 2
warrior 527 1
was 502 2 508 1 509 4 510 1 513 1 514 1 517 5 520 4 521 4 523 1 527 1 528 1 532 4 534 5 537 3 539 1 542 13 544 1 546 1 548 3 549 2
wash 509 1
washington 501 1 507 3 546 2
wassili 511 2
wast 501 1 502 1 537 1 550 1
watch 522 1 526 6 550 1
watcher 526 3
water 516 1 531 1 537 5 542 2 544 1 547 7 549 2 550 60
waterproof 518 1
watersick 550 1
watt 520 1
wave 517 1
way 501 2 502 1 503 1 513 1 516 2 517 1 518 1 522 3 526 1 535 1 537 1 542 1 546 1 547 3 549 1
waymar 526 1
we 506 1 507 4 508 1 509 23 512 1 517 4 519 1 521 2 527 4 532 2 537 2 542 1 543 1 544 1 547 4 549 2 550 1
weak 548 1
weaken 537 1
wear 505 1 526 1 539 1
weather 505 1 517 2 528 1
web 513 1 543 1
websit 517 1 520 2 523 2 541 1 544 1
webster 514 1
wed 505 12 507 1
wednesday 517 2
week 501 3 503 2 509 1 516 4 517 1 527 2 531 7 544 2 545 1
weekmonth 503 3
weeksmonth 503 1
weft 502 1
weftanonpost 502 1
weight 506 3 514 3 516 7 518 7 522 2
welfar 509 1
well 501 1 502 1 503 1 509 2 517 1 519 1 522 2 535 1 539 2 540 1 543 1 544 1 547 1 550 3
wellesley 549 1
wellmad 501 1
went 528 1
were 512 2 517 6 521 2 522 1 532 3 534 2 539 2 542 3 544 5 547 2 549 1 550 2
werid 528 1
west 546 1
westerosi 526 1
westminst 546 1
wet 509 2
weve 505 1
wh 542 1
what 502 7 503 5 505 1 508 13 509 7 510 1 513 1 516 4 517 1 520 1 522 1 523 2 527 1 528 1 530 10 531 1 532 13 533 5 534 1 535 9 537 3 539 1 541 5 543 3 544 3 545 2 546 10 549 3 550 3
whatev 502 1
whatsapp 508 6
wheel 502 1
when 501 1 502 2 503 3 504 2 509 3 513 1 518 1 520 3 522 1 524 2 527 1 531 3 532 2 536 2 537 1 539 1 540 1 541 3 542 1 543 1 544 1 547 4 548 2 549 2 550 2
where 503 1 509 5 515 1 518 1 520 1 524 1 531 1 537 1 540 4 541 2 542 2 545 2 550 1
wherea 549 1
wherebi 540 1
whether 503 6 507 1 512 1 530 1 540 1 550 1
whi 502 1 503 1 522 2 527 1 532 1 533 1 537 2 543 2 547 1 549 2 550 1
which 501 1 502 7 506 3 509 6 512 5 513 1 514 1 519 1 520 1 522 2 528 1 530 2 531 2 532 1 533 2 537 5 539 3 540 12 543 3 546 6 549 1
whil 542 1
while 502 2 503 1 506 2 507 1 516 4 517 1 518 2 522 1 526 1 531 6 532 1 541 1 545 7 547 1 548 1 549 1
whiskey 501 1
white 501 1 505 1 521 10 526 1 532 1 549 1 550 2
whiz 518 1
who 501 2 502 1 503 3 506 1 509 3 516 1 517 2 518 1 527 1 533 1 535 1 537 1 540 1 542 2 543 1 544 2 545 4 547 2 549 2
whole 505 1 509 1 540 2
wholesal 509 1
whom 508 1
whose 549 1
wicked 542 1
wide 507 1 532 1 542 1 545 1
widen 522 1
wider 522 1
wii 527 1
wiki 526 1 542 1 546 1
wiktionari 514 1
wild 549 1
wildl 526 3
wildlif 547 1
will 502 3 503 8 504 1 506 3 507 1 508 2 509 2 512 2 515 1 516 1 517 3 518 4 520 1 522 6 526 2 528 4 532 2 535 3 537 2 538 2 540 1 541 6 543 2 544 5 545 4 547 2 550 3
willem 511 2
william 511 2
willw 542 1
wimbledon 546 1
win 527 1 537 1
wind 517 3
windmil 522 2
window 518 1 542 1 543 3
windsor 539 1
winslow 511 2
winter 545 2
wipe 542 1
wirral 517 1
wise 502 1
wish 502 1 541 1 545 3
with 501 10 502 3 503 9 505 2 506 3 507 9 508 3 509 11 510 1 512 4 513 2 515 2 516 3 517 16 518 2 519 1 520 5 521 3 522 7 523 1 524 1 526 2 527 4 528 3 531 4 532 1 535 1 536 2 537 12 539 5 540 6 541 1 542 1 543 16 544 3 545 14 547 2 548 3 549 13 550 6
withdraw 509 2 510 1
withhold 503 2
within 501 1 503 1 504 3 509 5 541 1 547 2
without 501 1 502 1 503 1 512 1 516 2 520 1 522 1 531 1 532 1 537 1 540 1 549 2 550 1
withread 503 1
wizard 503 1
woke 528 1
wolf 504 1
wolrd 533 1
wolv 504 1
woman 531 4
women 521 1 531 3 544 2
wonder 501 2 531 1 535 1 537 2 547 1 549 1
wont 501 1 518 1
wood 527 1
woodman 511 1
woodsey 511 1
wool 502 1
woolf 501 1
word 504 1 528 1 534 2 535 2 544 2
work 503 2 509 2 516 3 518 1 520 1 522 4 524 1 527 1 531 1 537 2 541 3 543 3 544 2 547 1 550 1
workcom 531 1
worker 503 1 524 2
workout 516 3 522 9
world 504 1 511 1 514 1 517 2 522 3 533 2 537 1 543 1 545 4 547 5
worldclass 507 1
worldunit 545 1
worldwid 506 1 545 1 547 1
worri 508 1 528 1
wors 517 1
worsen 517 2 550 1
worth 506 2 518 1 522 1 546 1
would 502 2 509 3 510 1 517 2 518 2 523 1 524 1 528 1 530 2 537 1 542 2 544 4 546 1 549 2
wouldnt 522 1
wrap 540 1
wrist 540 9
write 503 3 516 1 518 1 530 1 542 1 543 2 545 1
writedown 503 1
writer 531 1
written 503 1 536 1 543 2
wrong 528 1
wrox 536 3
ws 503 1
wvu 541 6
wyeth 511 1
x 518 1 539 1 542 2 544 5
xbla 527 3
xbox 527 2
y 514 1 529 3 544 1
yahwist 542 1
yakubu 533 1
yangtz 533 2
yard 509 2
yarn 502 7
yarnsamirpost 502 1
yarwyck 526 1
yasir 513 2
yayoi 511 2
yeah 502 1 530 1
year 501 3 503 4 507 3 509 1 510 2 516 1 517 4 518 3 522 1 524 1 527 1 528 1 532 5 538 1 542 7 544 2 547 1 550 1
yearend 503 1
yeartod 503 3
yellow 501 1 550 2
yes 542 1 543 1 544 1 546 1
yesdn 513 1
yestcpconnect 513 1
yet 505 1 506 1 532 1 537 1 544 1 549 1
yoren 526 1
york 545 3 546 1
yorkfirst 538 1
you 501 8 502 6 503 62 505 3 506 3 507 5 508 5 509 9 510 2 512 3 513 1 516 20 518 14 520 4 522 23 527 4 528 4 532 1 533 1 536 6 537 11 539 1 541 6 542 1 543 12 544 14 545 27 546 1 549 5 550 2
you'r 502 2 527 1 545 1
you'v 516 1
youd 501 1 550 1
youll 501 3 508 5 549 1 550 2
young 544 1 545 7
your 501 13 502 2 503 59 505 2 506 2 507 4 508 3 509 5 510 1 511 2 512 1 515 1 516 23 518 8 520 4 522 25 527 2 528 10 529 1 531 4 537 13 539 1 541 4 543 2 544 2 545 24 549 2 550 29
yourself 522 1
youth 545 10
ytd 529 1
yucklow 549 1
yxuwhat 546 1
zero 524 1 532 1
zip 515 4
zonka 530 1
